drug_name,reaction_id,str,norm_id,meddra_pt,meddra_pt_id,meddra_llt,meddra_llt_id,flag
XEOMIN,AR1,hypersensitivity,AR1.N1,Hypersensitivity,10020751,,,
XEOMIN,AR2,dysphagia,AR2.N1,Dysphagia,10013950,,,
XEOMIN,AR3,breathing difficulties,AR3.N1,Dyspnoea,10013968,Difficulty breathing,10012791,
XEOMIN,AR4,spread of effects from toxin,AR4.N1,,,,,unmapped
XEOMIN,AR5,neck pain,AR5.N1,Neck pain,10028836,,,
XEOMIN,AR6,muscle weakness,AR6.N1,Muscular weakness,10028372,Muscle weakness,10028350,
XEOMIN,AR7,injection site pain,AR7.N1,Injection site pain,10022086,,,
XEOMIN,AR8,musculoskeletal pain,AR8.N1,Musculoskeletal pain,10028391,,,
XEOMIN,AR9,eyelid ptosis,AR9.N1,Eyelid ptosis,10015995,,,
XEOMIN,AR10,dry eye,AR10.N1,Dry eye,10013774,,,
XEOMIN,AR11,dry mouth,AR11.N1,Dry mouth,10013781,,,
XEOMIN,AR12,diarrhea,AR12.N1,Diarrhoea,10012735,Diarrhea,10012727,
XEOMIN,AR13,headache,AR13.N1,Headache,10019211,,,
XEOMIN,AR14,visual impairment,AR14.N1,Visual impairment,10047571,,,
XEOMIN,AR15,dyspnea,AR15.N1,Dyspnoea,10013968,Dyspnea,10013963,
XEOMIN,AR16,nasopharyngitis,AR16.N1,Nasopharyngitis,10028810,,,
XEOMIN,AR17,respiratory tract infection,AR17.N1,Respiratory tract infection,10062352,,,
XEOMIN,AR18,muscular weakness,AR18.N1,Muscular weakness,10028372,,,
XEOMIN,AR19,blepharospasm,AR19.N1,Blepharospasm,10005159,,,
XEOMIN,AR20,diarrhoea,AR20.N1,Diarrhoea,10012735,,,
XEOMIN,AR21,dyspnoea,AR21.N1,Dyspnoea,10013968,,,
XEOMIN,AR22,facial paresis,AR22.N1,Facial paresis,10051267,,,
XEOMIN,AR23,injection site hematoma,AR23.N1,Injection site haematoma,10022066,Injection site hematoma,10055371,
XEOMIN,AR24,eyelid edema,AR24.N1,Eyelid oedema,10015993,Eyelid edema,10015985,
XEOMIN,AR25,brow ptosis,AR25.N1,Brow ptosis,10059001,,,
XEOMIN,AR26,facial pain,AR26.N1,Facial pain,10016059,,,
XEOMIN,AR27,injection site swelling,AR27.N1,Injection site swelling,10053425,,,
XEOMIN,AR28,sensation of pressure,AR28.N1,Discomfort,10013082,Sensation of pressure,10040003,
XEOMIN,AR29,eye disorder,AR29.N1,Eye disorder,10015916,,,
XEOMIN,AR30,muscle disorder,AR30.N1,Muscle disorder,10028300,,,
XEOMIN,AR31,elevation of eyebrow,AR31.N1,,,,,unmapped
XEOMIN,AR32,eye swelling,AR32.N1,Eye swelling,10015967,,,
XEOMIN,AR33,nausea,AR33.N1,Nausea,10028813,,,
XEOMIN,AR34,flu-like symptoms,AR34.N1,Influenza like illness,10022004,Flu-like symptoms,10016797,
XEOMIN,AR35,injection site reaction,AR35.N1,Injection site reaction,10022095,,,
XEOMIN,AR36,allergic dermatitis,AR36.N1,Dermatitis allergic,10012434,Allergic dermatitis,10001711,
XEOMIN,AR37,localized allergic reactions,AR37.N1,Hypersensitivity,10020751,Allergic reaction,10001718,
XEOMIN,AR38,localized swelling,AR38.N1,Localised oedema,10048961,Localized edema,10062466,
XEOMIN,AR39,localized edema,AR39.N1,Localised oedema,10048961,Localized edema,10062466,
XEOMIN,AR40,localized erythema,AR40.N1,Erythema,10015150,Localized erythema,10024781,
XEOMIN,AR41,localized pruritus,AR41.N1,Pruritus,10037087,,,
XEOMIN,AR42,localized rash,AR42.N1,Rash,10037844,Localized rash,10062705,
XEOMIN,AR43,herpes zoster,AR43.N1,Herpes zoster,10019974,,,
XEOMIN,AR44,muscle spasm,AR44.N1,Muscle spasms,10028334,Muscle spasm,10028333,
XEOMIN,AR45,dysarthria,AR45.N1,Dysarthria,10013887,,,
XEOMIN,AR46,myalgia,AR46.N1,Myalgia,10028411,,,
XEOMIN,AR47,distant spread of toxin effect,AR47.N1,,,,,unmapped
XEOMIN,AR48,spread from the area of injection,AR48.N1,,,,,unmapped
XEOMIN,AR49,toxin effects,AR49.N1,,,,,unmapped
XEOMIN,AR50,asthenia,AR50.N1,Asthenia,10003549,,,
XEOMIN,AR51,generalized muscle weakness,AR51.N1,Muscular weakness,10028372,Generalized muscle weakness,10062572,
XEOMIN,AR52,diplopia,AR52.N1,Diplopia,10013036,,,
XEOMIN,AR53,blurred vision,AR53.N1,Vision blurred,10047513,Blurred vision,10005886,
XEOMIN,AR54,ptosis,AR54.N1,Eyelid ptosis,10015995,Ptosis,10037272,
XEOMIN,AR55,dysphonia,AR55.N1,Dysphonia,10013952,,,
XEOMIN,AR56,urinary incontinence,AR56.N1,Urinary incontinence,10046543,,,
XEOMIN,AR57,swallowing difficulties,AR57.N1,Dysphagia,10013950,Swallowing difficult,10042645,
XEOMIN,AR58,death,AR58.N1,Death,10011906,,,
XEOMIN,AR59,spread of effect,AR59.N1,,,,,unmapped
XEOMIN,AR60,corneal exposure,AR60.N1,,,,,unmapped
XEOMIN,AR61,corneal ulceration,AR61.N1,Ulcerative keratitis,10064996,Corneal ulceration,10011060,
XEOMIN,AR62,reduced blinking,AR62.N1,,,,,unmapped
XEOMIN,AR63,corneal perforation,AR63.N1,Corneal perforation,10011039,,,
XEOMIN,AR64,toxin effects beyond the site of local injection,AR64.N1,,,,,unmapped
XEOMIN,AR65,spread of toxin effects,AR65.N1,,,,,unmapped
XEOMIN,AR66,spread of toxin effect,AR66.N1,,,,,unmapped
XEOMIN,AR67,aspiration,AR67.N1,Aspiration,10003504,,,
XEOMIN,AR68,loss of breathing capacity,AR68.N1,Total lung capacity decreased,10044100,,,
XEOMIN,AR69,respiratory compromise,AR69.N1,Respiratory failure,10038695,Respiratory insufficiency,10038701,
XEOMIN,AR70,transmission of viral diseases,AR70.N1,Viral infection,10047461,,,
XEOMIN,AR71,creutzfeldt-jakob disease,AR71.N1,Creutzfeldt-Jakob disease,10011384,,,
XEOMIN,AR72,cjd,AR72.N1,Creutzfeldt-Jakob disease,10011384,CJD,10009217,
QUTENZA,AR1,application-associated pain,AR1.N1,Application site pain,10003051,Pain after application,10033375,
QUTENZA,AR2,increase in blood pressure,AR2.N1,Blood pressure increased,10005750,,,
QUTENZA,AR3,application site erythema,AR3.N1,Application site erythema,10003041,,,
QUTENZA,AR4,application site pain,AR4.N1,Application site pain,10003051,,,
QUTENZA,AR5,application site pruritus,AR5.N1,Application site pruritus,10003053,,,
QUTENZA,AR6,application site papules,AR6.N1,Application site papules,10049043,,,
QUTENZA,AR7,application site reactions,AR7.N1,Application site reaction,10003055,,,
QUTENZA,AR8,increases in pain,AR8.N1,Pain,10033371,Exacerbation of pain,10015579,
QUTENZA,AR9,pain increases,AR9.N1,Pain,10033371,Pain worsened,10033499,
QUTENZA,AR10,application site edema,AR10.N1,Application site oedema,10003050,Application site edema,10003040,
QUTENZA,AR11,application site swelling,AR11.N1,Application site swelling,10053424,,,
QUTENZA,AR12,application site dryness,AR12.N1,Application site dryness,10048943,,,
QUTENZA,AR13,nasopharyngitis,AR13.N1,Nasopharyngitis,10028810,,,
QUTENZA,AR14,bronchitis,AR14.N1,Bronchitis,10006451,,,
QUTENZA,AR15,sinusitis,AR15.N1,Sinusitis,10040753,,,
QUTENZA,AR16,nausea,AR16.N1,Nausea,10028813,,,
QUTENZA,AR17,vomiting,AR17.N1,Vomiting,10047700,,,
QUTENZA,AR18,pruritus,AR18.N1,Pruritus,10037087,,,
QUTENZA,AR19,hypertension,AR19.N1,Hypertension,10020772,,,
QUTENZA,AR20,application site urticaria,AR20.N1,Application site urticaria,10050104,,,
QUTENZA,AR21,application site paresthesia,AR21.N1,Application site paraesthesia,10050103,Application site paresthesia,10048940,
QUTENZA,AR22,application site dermatitis,AR22.N1,Application site dermatitis,10003036,,,
QUTENZA,AR23,application site hyperesthesia,AR23.N1,Application site hyperaesthesia,10050100,Application site hyperesthesia,10054328,
QUTENZA,AR24,application site excoriation,AR24.N1,Application site erosion,10065577,Application site excoriation,10059006,
QUTENZA,AR25,application site warmth,AR25.N1,Application site warmth,10003060,,,
QUTENZA,AR26,application site anesthesia,AR26.N1,Application site anaesthesia,10003033,Application site anesthesia,10003034,
QUTENZA,AR27,application site bruising,AR27.N1,Application site bruise,10050114,Application site bruising,10048939,
QUTENZA,AR28,application site inflammation,AR28.N1,Application site inflammation,10049042,,,
QUTENZA,AR29,application site exfoliation,AR29.N1,Application site exfoliation,10064578,,,
QUTENZA,AR30,peripheral edema,AR30.N1,Oedema peripheral,10030124,Peripheral edema,10034570,
QUTENZA,AR31,headache,AR31.N1,Headache,10019211,,,
QUTENZA,AR32,burning sensation,AR32.N1,Burning sensation,10006784,,,
QUTENZA,AR33,peripheral sensory neuropathy,AR33.N1,Peripheral sensory neuropathy,10034620,,,
QUTENZA,AR34,dizziness,AR34.N1,Dizziness,10013573,,,
QUTENZA,AR35,dysgeusia,AR35.N1,Dysgeusia,10013911,,,
QUTENZA,AR36,hyperesthesia,AR36.N1,Hyperaesthesia,10020568,Hyperesthesia,10020622,
QUTENZA,AR37,hypoesthesia,AR37.N1,Hypoaesthesia,10020937,Hypoesthesia,10020976,
QUTENZA,AR38,cough,AR38.N1,Cough,10011224,,,
QUTENZA,AR39,throat irritation,AR39.N1,Throat irritation,10043521,,,
QUTENZA,AR40,abnormal skin odor,AR40.N1,Skin odour abnormal,10040904,Skin odor abnormal,10040903,
QUTENZA,AR41,coughing,AR41.N1,Cough,10011224,Coughing,10011232,
QUTENZA,AR42,sneezing,AR42.N1,Sneezing,10041232,,,
QUTENZA,AR43,increases in blood pressure,AR43.N1,Blood pressure increased,10005750,,,
QUTENZA,AR44,procedural pain,AR44.N1,Procedural pain,10064882,,,
QUTENZA,AR45,adverse cardiovascular effects,AR45.N1,Cardiovascular symptom,10075534,,,
ZYTIGA,AR1,hypertension,AR1.N1,Hypertension,10020772,,,
ZYTIGA,AR2,hypokalemia,AR2.N1,Hypokalaemia,10021015,Hypokalemia,10021018,
ZYTIGA,AR3,fluid retention,AR3.N1,Fluid retention,10016807,,,
ZYTIGA,AR4,mineralocorticoid excess,AR4.N1,Hyperaldosteronism,10020571,,,
ZYTIGA,AR5,adrenocortical insufficiency,AR5.N1,Adrenal insufficiency,10001367,Adrenal cortex insufficiency,10001335,
ZYTIGA,AR6,hepatotoxicity,AR6.N1,Hepatotoxicity,10019851,,,
ZYTIGA,AR7,fatigue,AR7.N1,Fatigue,10016256,,,
ZYTIGA,AR8,joint swelling,AR8.N1,Joint swelling,10023232,,,
ZYTIGA,AR9,joint discomfort,AR9.N1,Musculoskeletal discomfort,10053156,Discomfort in joints,10013088,
ZYTIGA,AR10,edema,AR10.N1,Oedema,10030095,Edema,10014210,
ZYTIGA,AR11,hot flush,AR11.N1,Hot flush,10060800,,,
ZYTIGA,AR12,diarrhea,AR12.N1,Diarrhoea,10012735,Diarrhea,10012727,
ZYTIGA,AR13,vomiting,AR13.N1,Vomiting,10047700,,,
ZYTIGA,AR14,cough,AR14.N1,Cough,10011224,,,
ZYTIGA,AR15,dyspnea,AR15.N1,Dyspnoea,10013968,Dyspnea,10013963,
ZYTIGA,AR16,urinary tract infection,AR16.N1,Urinary tract infection,10046571,,,
ZYTIGA,AR17,contusion,AR17.N1,Contusion,10050584,,,
ZYTIGA,AR18,anemia,AR18.N1,Anaemia,10002034,Anemia,10002272,
ZYTIGA,AR19,elevated alkaline phosphatase,AR19.N1,Blood alkaline phosphatase increased,10059570,Alkaline phosphatase increased,10001675,
ZYTIGA,AR20,hypertriglyceridemia,AR20.N1,Hypertriglyceridaemia,10020869,Hypertriglyceridemia,10020870,
ZYTIGA,AR21,lymphopenia,AR21.N1,Lymphopenia,10025327,,,
ZYTIGA,AR22,hypercholesterolemia,AR22.N1,Hypercholesterolaemia,10020603,Hypercholesterolemia,10020604,
ZYTIGA,AR23,hyperglycemia,AR23.N1,Hyperglycaemia,10020635,Hyperglycemia,10020639,
ZYTIGA,AR24,elevated ast,AR24.N1,Aspartate aminotransferase increased,10003481,AST increased,10003544,
ZYTIGA,AR25,hypophosphatemia,AR25.N1,Hypophosphataemia,10021058,Hypophosphatemia,10021059,
ZYTIGA,AR26,elevated alt,AR26.N1,Alanine aminotransferase increased,10001551,ALT increased,10001845,
ZYTIGA,AR27,muscle discomfort,AR27.N1,Musculoskeletal discomfort,10053156,Muscle discomfort,10028299,
ZYTIGA,AR28,dyspepsia,AR28.N1,Dyspepsia,10013946,,,
ZYTIGA,AR29,upper respiratory tract infection,AR29.N1,Upper respiratory tract infection,10046306,,,
ZYTIGA,AR30,urinary frequency,AR30.N1,Pollakiuria,10036018,Urinary frequency,10046539,
ZYTIGA,AR31,nocturia,AR31.N1,Nocturia,10029446,,,
ZYTIGA,AR32,fractures,AR32.N1,Fracture,10017076,,,
ZYTIGA,AR33,arrhythmia,AR33.N1,Arrhythmia,10003119,,,
ZYTIGA,AR34,chest pain,AR34.N1,Chest pain,10008479,,,
ZYTIGA,AR35,chest discomfort,AR35.N1,Chest discomfort,10008469,,,
ZYTIGA,AR36,cardiac failure,AR36.N1,Cardiac failure,10007554,,,
ZYTIGA,AR37,low serum phosphorus,AR37.N1,Blood phosphorus decreased,10049471,Phosphorus low,10050715,
ZYTIGA,AR38,low potassium,AR38.N1,Blood potassium decreased,10005724,Potassium decreased,10036443,
ZYTIGA,AR39,high ast,AR39.N1,Aspartate aminotransferase increased,10003481,AST high,10075800,
ZYTIGA,AR40,high alt,AR40.N1,Alanine aminotransferase increased,10001551,ALT high,10075801,
ZYTIGA,AR41,high total bilirubin,AR41.N1,Blood bilirubin increased,10005364,Bilirubin total high,10004697,
ZYTIGA,AR42,pyrexia,AR42.N1,Pyrexia,10037660,,,
ZYTIGA,AR43,groin pain,AR43.N1,Groin pain,10018735,,,
ZYTIGA,AR44,constipation,AR44.N1,Constipation,10010774,,,
ZYTIGA,AR45,insomnia,AR45.N1,Insomnia,10022437,,,
ZYTIGA,AR46,falls,AR46.N1,Fall,10016173,,,
ZYTIGA,AR47,nasopharyngitis,AR47.N1,Nasopharyngitis,10028810,,,
ZYTIGA,AR48,hematuria,AR48.N1,Haematuria,10018867,Hematuria,10019450,
ZYTIGA,AR49,rash,AR49.N1,Rash,10037844,,,
ZYTIGA,AR50,high alanine aminotransferase,AR50.N1,Alanine aminotransferase increased,10001551,,,
ZYTIGA,AR51,hypernatremia,AR51.N1,Hypernatraemia,10020679,Hypernatremia,10020680,
ZYTIGA,AR52,deaths,AR52.N1,Death,10011906,,,
ZYTIGA,AR53,arrhythmias,AR53.N1,Arrhythmia,10003119,,,
ZYTIGA,AR54,death,AR54.N1,Death,10011906,,,
ZYTIGA,AR55,sudden death,AR55.N1,Sudden death,10042434,,,
ZYTIGA,AR56,cardiorespiratory arrest,AR56.N1,Cardio-respiratory arrest,10007617,,,
ZYTIGA,AR57,myocardial ischemia,AR57.N1,Myocardial ischaemia,10028600,Myocardial ischemia,10028601,
ZYTIGA,AR58,myocardial infarction,AR58.N1,Myocardial infarction,10028596,,,
ZYTIGA,AR59,non-infectious pneumonitis,AR59.N1,Pneumonitis,10035742,,,
ZYTIGA,AR60,myopathy,AR60.N1,Myopathy,10028641,,,
ZYTIGA,AR61,rhabdomyolysis,AR61.N1,Rhabdomyolysis,10039020,,,
ZYTIGA,AR62,increases in liver enzymes,AR62.N1,Hepatic enzyme increased,10060795,Elevated liver enzymes,10014481,
ZYTIGA,AR63,increased mineralocorticoid levels,AR63.N1,Hypercorticoidism,10020610,,,
ZYTIGA,AR64,adrenal insufficiency,AR64.N1,Adrenal insufficiency,10001367,,,
ZYTIGA,AR65,alt increases,AR65.N1,Alanine aminotransferase increased,10001551,ALT increased,10001845,
ZYTIGA,AR66,ast increases,AR66.N1,Aspartate aminotransferase increased,10003481,AST increased,10003544,
ZYTIGA,AR67,liver test elevation,AR67.N1,Liver function test abnormal,10024690,Liver function tests raised,10048556,
ZYTIGA,AR68,liver enzyme increases,AR68.N1,Hepatic enzyme increased,10060795,Elevated liver enzymes,10014481,
TOVIAZ,AR1,dry mouth,AR1.N1,Dry mouth,10013781,,,
TOVIAZ,AR2,constipation,AR2.N1,Constipation,10010774,,,
TOVIAZ,AR3,angina,AR3.N1,Angina pectoris,10002383,Angina,10002372,
TOVIAZ,AR4,chest pain,AR4.N1,Chest pain,10008479,,,
TOVIAZ,AR5,gastroenteritis,AR5.N1,Gastroenteritis,10017888,,,
TOVIAZ,AR6,qt prolongation,AR6.N1,Electrocardiogram QT prolonged,10014387,QT prolonged,10037705,
TOVIAZ,AR7,dyspepsia,AR7.N1,Dyspepsia,10013946,,,
TOVIAZ,AR8,nausea,AR8.N1,Nausea,10028813,,,
TOVIAZ,AR9,abdominal pain upper,AR9.N1,Abdominal pain upper,10000087,,,
TOVIAZ,AR10,urinary tract infection,AR10.N1,Urinary tract infection,10046571,,,
TOVIAZ,AR11,upper respiratory tract infection,AR11.N1,Upper respiratory tract infection,10046306,,,
TOVIAZ,AR12,dry eyes,AR12.N1,Dry eye,10013774,Dry eyes,10013778,
TOVIAZ,AR13,dysuria,AR13.N1,Dysuria,10013990,,,
TOVIAZ,AR14,urinary retention,AR14.N1,Urinary retention,10046555,,,
TOVIAZ,AR15,cough,AR15.N1,Cough,10011224,,,
TOVIAZ,AR16,dry throat,AR16.N1,Dry throat,10013789,,,
TOVIAZ,AR17,edema peripheral,AR17.N1,Oedema peripheral,10030124,Edema peripheral,10014251,
TOVIAZ,AR18,back pain,AR18.N1,Back pain,10003988,,,
TOVIAZ,AR19,insomnia,AR19.N1,Insomnia,10022437,,,
TOVIAZ,AR20,alt increased,AR20.N1,Alanine aminotransferase increased,10001551,ALT increased,10001845,
TOVIAZ,AR21,ggt increased,AR21.N1,Gamma-glutamyltransferase increased,10017693,GGT increased,10056910,
TOVIAZ,AR22,rash,AR22.N1,Rash,10037844,,,
TOVIAZ,AR23,abdominal pain,AR23.N1,Abdominal pain,10000081,,,
TOVIAZ,AR24,diverticulitis,AR24.N1,Diverticulitis,10013538,,,
TOVIAZ,AR25,irritable bowel syndrome,AR25.N1,Irritable bowel syndrome,10023003,,,
TOVIAZ,AR26,qt corrected interval prolongation,AR26.N1,Electrocardiogram QT prolonged,10014387,Electrocardiogram QT corrected interval prolonged,10014383,
TOVIAZ,AR27,blurred vision,AR27.N1,Vision blurred,10047513,Blurred vision,10005886,
TOVIAZ,AR28,palpitations,AR28.N1,Palpitations,10033557,,,
TOVIAZ,AR29,hypersensitivity reactions,AR29.N1,Hypersensitivity,10020751,Hypersensitivity reaction,10020756,
TOVIAZ,AR30,angioedema,AR30.N1,Angioedema,10002424,,,
TOVIAZ,AR31,airway obstruction,AR31.N1,Obstructive airways disorder,10061877,Airways obstruction,10001539,
TOVIAZ,AR32,face edema,AR32.N1,Face oedema,10016029,Face edema,10016025,
TOVIAZ,AR33,dizziness,AR33.N1,Dizziness,10013573,,,
TOVIAZ,AR34,headache,AR34.N1,Headache,10019211,,,
TOVIAZ,AR35,somnolence,AR35.N1,Somnolence,10041349,,,
TOVIAZ,AR36,urticaria,AR36.N1,Urticaria,10046735,,,
TOVIAZ,AR37,pruritus,AR37.N1,Pruritus,10037087,,,
TOVIAZ,AR38,angioedema of the face,AR38.N1,Angioedema,10002424,,,
TOVIAZ,AR38,angioedema of the face,AR38.N2,Face oedema,10016029,Face edema,10016025,
TOVIAZ,AR39,angioedema of the lips,AR39.N1,Angioedema,10002424,,,
TOVIAZ,AR39,angioedema of the lips,AR39.N2,Face oedema,10016029,Edema lips & face,10054495,
TOVIAZ,AR40,angioedema of the tongue,AR40.N1,Angioedema,10002424,,,
TOVIAZ,AR40,angioedema of the tongue,AR40.N2,Tongue oedema,10043967,Tongue edema,10043955,
TOVIAZ,AR41,angioedema of the larynx,AR41.N1,Angioedema,10002424,,,
TOVIAZ,AR41,angioedema of the larynx,AR41.N2,Laryngeal oedema,10023845,Angioedema of larynx,10002427,
TOVIAZ,AR42,central nervous system effects,AR42.N1,Post procedural complication,10058046,"Central nervous system complication, not elsewhere classified",10007937,
TOVIAZ,AR43,upper airway swelling,AR43.N1,Respiratory tract oedema,10070774,Airway edema,10070778,
TOVIAZ,AR44,anticholinergic central nervous sytem effects,AR44.N1,Nervous system disorder,10029202,,,
TOVIAZ,AR45,anticholinergic cns effects,AR45.N1,Nervous system disorder,10029202,,,
TOVIAZ,AR46,cns anticholinergic effects,AR46.N1,Nervous system disorder,10029202,,,
STRIBILD,AR1,lactic acidosis,AR1.N1,Lactic acidosis,10023676,,,
STRIBILD,AR2,hepatomegaly,AR2.N1,Hepatomegaly,10019842,,,
STRIBILD,AR3,steatosis,AR3.N1,Hepatic steatosis,10019708,,,
STRIBILD,AR4,acute exacerbations of hepatitis b,AR4.N1,Acute hepatitis B,10059193,,,
STRIBILD,AR5,new onset renal impairment,AR5.N1,Renal impairment,10062237,,,
STRIBILD,AR6,worsening renal impairment,AR6.N1,Renal impairment,10062237,,,
STRIBILD,AR7,bone effects,AR7.N1,Bone disorder,10005956,Bone disorder NOS,10005958,
STRIBILD,AR8,immune reconstitution syndrome,AR8.N1,Immune reconstitution inflammatory syndrome,10065042,Immune reconstitution syndrome,10054014,
STRIBILD,AR9,nausea,AR9.N1,Nausea,10028813,,,
STRIBILD,AR10,diarrhea,AR10.N1,Diarrhoea,10012735,Diarrhea,10012727,
STRIBILD,AR11,ocular icterus,AR11.N1,Ocular icterus,10058117,,,
STRIBILD,AR12,flatulence,AR12.N1,Flatulence,10016766,,,
STRIBILD,AR13,fatigue,AR13.N1,Fatigue,10016256,,,
STRIBILD,AR14,jaundice,AR14.N1,Jaundice,10023126,,,
STRIBILD,AR15,somnolence,AR15.N1,Somnolence,10041349,,,
STRIBILD,AR16,headache,AR16.N1,Headache,10019211,,,
STRIBILD,AR17,dizziness,AR17.N1,Dizziness,10013573,,,
STRIBILD,AR18,insomnia,AR18.N1,Insomnia,10022437,,,
STRIBILD,AR19,abnormal dreams,AR19.N1,Abnormal dreams,10000125,,,
STRIBILD,AR20,rash,AR20.N1,Rash,10037844,,,
STRIBILD,AR21,renal adverse reactions,AR21.N1,Renal impairment,10062237,Renal function disorder,10038455,
STRIBILD,AR22,suicidal ideation,AR22.N1,Suicidal ideation,10042458,,,
STRIBILD,AR23,suicide attempt,AR23.N1,Suicide attempt,10042464,,,
STRIBILD,AR24,depression,AR24.N1,Depression,10012378,,,
STRIBILD,AR25,abdominal pain,AR25.N1,Abdominal pain,10000081,,,
STRIBILD,AR26,dyspepsia,AR26.N1,Dyspepsia,10013946,,,
STRIBILD,AR27,vomiting,AR27.N1,Vomiting,10047700,,,
STRIBILD,AR28,fever,AR28.N1,Pyrexia,10037660,Fever,10016558,
STRIBILD,AR29,pain,AR29.N1,Pain,10033371,,,
STRIBILD,AR30,nasopharyngitis,AR30.N1,Nasopharyngitis,10028810,,,
STRIBILD,AR31,pneumonia,AR31.N1,Pneumonia,10035664,,,
STRIBILD,AR32,sinusitis,AR32.N1,Sinusitis,10040753,,,
STRIBILD,AR33,upper respiratory tract infection,AR33.N1,Upper respiratory tract infection,10046306,,,
STRIBILD,AR34,arthralgia,AR34.N1,Arthralgia,10003239,,,
STRIBILD,AR35,back pain,AR35.N1,Back pain,10003988,,,
STRIBILD,AR36,myalgia,AR36.N1,Myalgia,10028411,,,
STRIBILD,AR37,paresthesia,AR37.N1,Paraesthesia,10033775,Paresthesia,10033987,
STRIBILD,AR38,peripheral neuropathy,AR38.N1,Neuropathy peripheral,10029331,,,
STRIBILD,AR39,peripheral neuritis,AR39.N1,Neuropathy peripheral,10029331,Peripheral neuritis,10034593,
STRIBILD,AR40,anxiety,AR40.N1,Anxiety,10002855,,,
STRIBILD,AR41,increased cough,AR41.N1,Cough,10011224,Cough increased,10011228,
STRIBILD,AR42,rhinitis,AR42.N1,Rhinitis,10039083,,,
STRIBILD,AR43,skin discoloration,AR43.N1,Skin discolouration,10040829,Skin discoloration,10040828,
STRIBILD,AR44,hyperpigmentation on the palms,AR44.N1,Skin hyperpigmentation,10040865,,,underspecified
STRIBILD,AR45,hyperpigmentation on the soles,AR45.N1,Skin hyperpigmentation,10040865,,,underspecified
STRIBILD,AR46,ast >5.0 * uln,AR46.N1,Aspartate aminotransferase increased,10003481,AST increased,10003544,
STRIBILD,AR47,alt >3.0 * uln,AR47.N1,Alanine aminotransferase increased,10001551,ALT increased,10001845,
STRIBILD,AR48,amylase >2.0 * uln,AR48.N1,Amylase increased,10002016,,,
STRIBILD,AR49,creatine kinase >= 10.0 * uln,AR49.N1,Blood creatine phosphokinase increased,10005470,Creatine kinase increased,10011336,
STRIBILD,AR50,urine rbc,AR50.N1,Red blood cells urine,10050676,RBC urine,10037929,
STRIBILD,AR51,hematuria,AR51.N1,Haematuria,10018867,Hematuria,10019450,
STRIBILD,AR52,decreases in bmd,AR52.N1,Bone density decreased,10049470,,,
STRIBILD,AR53,bone fractures,AR53.N1,Fracture,10017076,Fracture bone,10017077,
STRIBILD,AR54,proteinuria,AR54.N1,Proteinuria,10037032,,,
STRIBILD,AR55,increase serum creatinine,AR55.N1,Blood creatinine increased,10005483,Serum creatinine increased,10040233,
STRIBILD,AR56,decrease estimated creatinine clearance,AR56.N1,Creatinine renal clearance decreased,10011372,Creatinine clearance estimation decreased,10061436,
STRIBILD,AR57,increases in serum creatinine,AR57.N1,Blood creatinine increased,10005483,Serum creatinine increased,10040233,
STRIBILD,AR58,decreases in estimated creatinine clearance,AR58.N1,Creatinine renal clearance decreased,10011372,Creatinine clearance estimation decreased,10061436,
STRIBILD,AR59,elevations in serum creatinine,AR59.N1,Blood creatinine increased,10005483,Raised serum creatinine,10037825,
STRIBILD,AR60,elevated serum creatinine,AR60.N1,Blood creatinine increased,10005483,Raised serum creatinine,10037825,
STRIBILD,AR61,abnormalities of alt,AR61.N1,Alanine aminotransferase abnormal,10001547,,,
STRIBILD,AR62,abnormalities of alkaline phosphatase,AR62.N1,Blood alkaline phosphatase abnormal,10059571,,,
STRIBILD,AR63,abnormalities of bilirubin,AR63.N1,Blood bilirubin abnormal,10058477,Bilirubin abnormal,10058482,
STRIBILD,AR64,abnormalities of serum glucose,AR64.N1,Blood glucose abnormal,10005554,Serum glucose abnormal,10040267,
STRIBILD,AR65,abnormalities of glycosuria,AR65.N1,Glycosuria,10018473,,,
STRIBILD,AR66,abnormalities of neutrophils,AR66.N1,Neutrophil count abnormal,10061313,Blood neutrophils abnormal,10005675,
STRIBILD,AR67,abnormalities of fasting cholesterol,AR67.N1,Blood cholesterol abnormal,10005423,,,
STRIBILD,AR68,abnormalities of fasting triglycerides,AR68.N1,Blood triglycerides abnormal,10005837,Triglycerides abnormal,10044661,
STRIBILD,AR69,allergic reaction,AR69.N1,Hypersensitivity,10020751,Allergic reaction,10001718,
STRIBILD,AR70,angioedema,AR70.N1,Angioedema,10002424,,,
STRIBILD,AR71,hypokalemia,AR71.N1,Hypokalaemia,10021015,Hypokalemia,10021018,
STRIBILD,AR72,hypophosphatemia,AR72.N1,Hypophosphataemia,10021058,Hypophosphatemia,10021059,
STRIBILD,AR73,dyspnea,AR73.N1,Dyspnoea,10013968,Dyspnea,10013963,
STRIBILD,AR74,pancreatitis,AR74.N1,Pancreatitis,10033645,,,
STRIBILD,AR75,increased amylase,AR75.N1,Amylase increased,10002016,,,
STRIBILD,AR76,hepatic steatosis,AR76.N1,Hepatic steatosis,10019708,,,
STRIBILD,AR77,hepatitis,AR77.N1,Hepatitis,10019717,,,
STRIBILD,AR78,increased liver enzymes,AR78.N1,Hepatic enzyme increased,10060795,Elevated liver enzymes,10014481,
STRIBILD,AR79,increased ast,AR79.N1,Aspartate aminotransferase increased,10003481,AST increased,10003544,
STRIBILD,AR80,increased alt,AR80.N1,Alanine aminotransferase increased,10001551,ALT increased,10001845,
STRIBILD,AR81,increased gamma gt,AR81.N1,Gamma-glutamyltransferase increased,10017693,Gamma GT increased,10017670,
STRIBILD,AR82,rhabdomyolysis,AR82.N1,Rhabdomyolysis,10039020,,,
STRIBILD,AR83,osteomalacia,AR83.N1,Osteomalacia,10031250,,,
STRIBILD,AR84,bone pain,AR84.N1,Bone pain,10006002,,,
STRIBILD,AR85,fractures,AR85.N1,Fracture,10017076,,,
STRIBILD,AR86,muscular weakness,AR86.N1,Muscular weakness,10028372,,,
STRIBILD,AR87,myopathy,AR87.N1,Myopathy,10028641,,,
STRIBILD,AR88,acute renal failure,AR88.N1,Acute kidney injury,10069339,Acute renal failure,10001041,
STRIBILD,AR89,renal failure,AR89.N1,Renal failure,10038435,,,
STRIBILD,AR90,acute tubular necrosis,AR90.N1,Renal tubular necrosis,10038540,Acute tubular necrosis,10001099,
STRIBILD,AR91,fanconi syndrome,AR91.N1,Fanconi syndrome,10016219,,,
STRIBILD,AR92,proximal renal tubulopathy,AR92.N1,Renal tubular disorder,10038537,Proximal renal tubular dysfunction,10037081,
STRIBILD,AR93,interstitial nephritis,AR93.N1,Tubulointerstitial nephritis,10048302,Nephritis interstitial,10029134,
STRIBILD,AR94,interstitial nephritis acute,AR94.N1,Tubulointerstitial nephritis,10048302,Interstitial nephritis acute,10022614,
STRIBILD,AR95,nephrogenic diabetes insipidus,AR95.N1,Nephrogenic diabetes insipidus,10029147,,,
STRIBILD,AR96,renal insufficiency,AR96.N1,Renal failure,10038435,Renal insufficiency,10038474,
STRIBILD,AR97,increased creatinine,AR97.N1,Blood creatinine increased,10005483,Creatinine increased,10011368,
STRIBILD,AR98,polyuria,AR98.N1,Polyuria,10036142,,,
STRIBILD,AR99,asthenia,AR99.N1,Asthenia,10003549,,,
STRIBILD,AR100,acute exacerbation of hepatitis b,AR100.N1,Acute hepatitis B,10059193,,,
STRIBILD,AR101,fatal,AR101.N1,Death,10011906,,,
STRIBILD,AR102,decreases in bone mineral density,AR102.N1,Bone density decreased,10049470,,,
STRIBILD,AR103,redistribution of body fat,AR103.N1,Fat redistribution,10048474,,,
STRIBILD,AR104,accumulation of body fat,AR104.N1,Body fat disorder,10055164,,,
STRIBILD,AR105,exacerbations of hepatitis b,AR105.N1,Hepatitis B,10019731,Hepatitis B aggravated,10066627,
STRIBILD,AR106,liver decompensation,AR106.N1,Hepatic failure,10019663,Hepatic decompensation,10076894,
STRIBILD,AR107,liver failure,AR107.N1,Hepatic failure,10019663,Liver failure,10024678,
STRIBILD,AR108,renal impairment,AR108.N1,Renal impairment,10062237,,,
STRIBILD,AR109,renal tubular injury,AR109.N1,Renal tubular disorder,10038537,Renal tubular dysfunction,10050335,underspecified
STRIBILD,AR110,renal adverse reaction,AR110.N1,Renal impairment,10062237,Renal function disorder,10038455,
STRIBILD,AR111,proximal renal tubular dysfunction,AR111.N1,Renal tubular disorder,10038537,Proximal renal tubular dysfunction,10037081,
STRIBILD,AR112,declines in estimated creatinine clearance,AR112.N1,Creatinine renal clearance decreased,10011372,Creatinine clearance estimation decreased,10061436,
STRIBILD,AR113,increases in biochemical markers of bone metabolism,AR113.N1,,,,,unmapped
STRIBILD,AR114,increased bone turnover,AR114.N1,High turnover osteopathy,10062624,High turnover bone disease,10062633,
STRIBILD,AR115,pain in extremities,AR115.N1,Pain in extremity,10033425,,,
STRIBILD,AR116,arthralgias,AR116.N1,Arthralgia,10003239,,,
STRIBILD,AR117,muscle pain,AR117.N1,Myalgia,10028411,Muscle pain,10028322,
STRIBILD,AR118,muscle weakness,AR118.N1,Muscular weakness,10028372,Muscle weakness,10028350,
STRIBILD,AR119,body fat peripheral wasting,AR119.N1,Lipoatrophy,10024604,Fat atrophy NOS,10016242,
STRIBILD,AR120,central obesity,AR120.N1,Central obesity,10065941,,,
STRIBILD,AR121,dorsocervical fat enlargement,AR121.N1,Lipohypertrophy,10062315,Buffalo hump,10006539,
STRIBILD,AR122,buffalo hump,AR122.N1,Lipohypertrophy,10062315,Buffalo hump,10006539,
STRIBILD,AR123,facial wasting,AR123.N1,Facial wasting,10056866,,,
STRIBILD,AR124,breast enlargement,AR124.N1,Breast enlargement,10006242,,,
STRIBILD,AR125,cushingoid appearance,AR125.N1,Cushingoid,10011655,Cushingoid facies,10011656,
STRIBILD,AR126,residual opportunistic infections,AR126.N1,Opportunistic infection,10030901,,,
STRIBILD,AR127,mycobacterium avium infection,AR127.N1,Mycobacterium avium complex infection,10058806,Infection mycobacterium avium,10021840,
STRIBILD,AR128,cytomegalovirus,AR128.N1,Cytomegalovirus infection,10011831,,,
STRIBILD,AR129,pneumocystis jirovecii pneumonia,AR129.N1,Pneumocystis jirovecii pneumonia,10073755,,,
STRIBILD,AR130,pcp,AR130.N1,Pneumocystis jirovecii pneumonia,10073755,,,
STRIBILD,AR131,tuberculosis,AR131.N1,Tuberculosis,10044755,,,
STRIBILD,AR132,autoimmune disorders,AR132.N1,Autoimmune disorder,10061664,,,
STRIBILD,AR133,graves' disease,AR133.N1,Basedow's disease,10004161,Graves' disease,10018706,
STRIBILD,AR134,polymyositis,AR134.N1,Polymyositis,10036102,,,
STRIBILD,AR135,guillain-barre syndrome,AR135.N1,Guillain-Barre syndrome,10018767,,,
FARXIGA,AR1,hypotension,AR1.N1,Hypotension,10021097,,,
FARXIGA,AR2,impairment in renal function,AR2.N1,Renal impairment,10062237,Impaired renal function,10021523,
FARXIGA,AR3,hypoglycemia,AR3.N1,Hypoglycaemia,10020993,Hypoglycemia,10021005,
FARXIGA,AR4,genital mycotic infections,AR4.N1,Genital infection fungal,10061180,,,
FARXIGA,AR5,increases in low-density lipoprotein cholesterol,AR5.N1,Low density lipoprotein increased,10024910,LDL cholesterol increased,10024055,
FARXIGA,AR6,bladder cancer,AR6.N1,Bladder cancer,10005003,,,
FARXIGA,AR7,female genital mycotic infections,AR7.N1,Genital infection female,10061977,,,
FARXIGA,AR7,female genital mycotic infections,AR7.N2,Genital infection fungal,10061180,,,
FARXIGA,AR8,nasopharyngitis,AR8.N1,Nasopharyngitis,10028810,,,
FARXIGA,AR9,urinary tract infections,AR9.N1,Urinary tract infection,10046571,,,
FARXIGA,AR10,genital mycotic infections females,AR10.N1,Genital infection female,10061977,,,
FARXIGA,AR10,genital mycotic infections females,AR10.N2,Genital infection fungal,10061180,,,
FARXIGA,AR11,vulvovaginal mycotic infection,AR11.N1,Vulvovaginal mycotic infection,10064899,,,
FARXIGA,AR12,vaginal infection,AR12.N1,Vaginal infection,10046914,,,
FARXIGA,AR13,vulvovaginal candidiasis,AR13.N1,Vulvovaginal candidiasis,10047784,,,
FARXIGA,AR14,vulvovaginitis,AR14.N1,Vulvovaginitis,10047794,,,
FARXIGA,AR15,genital infection,AR15.N1,Genital infection,10048461,,,
FARXIGA,AR16,genital candidiasis,AR16.N1,Genital candidiasis,10018143,,,
FARXIGA,AR17,fungal genital infection,AR17.N1,Genital infection fungal,10061180,,,
FARXIGA,AR18,vulvitis,AR18.N1,Vulvitis,10047780,,,
FARXIGA,AR19,genitourinary tract infection,AR19.N1,Genitourinary tract infection,10061182,,,
FARXIGA,AR20,vulval abscess,AR20.N1,Vulval abscess,10047732,,,
FARXIGA,AR21,vaginitis bacterial,AR21.N1,Vaginitis bacterial,10062167,,,
FARXIGA,AR22,urinary tract infection,AR22.N1,Urinary tract infection,10046571,,,
FARXIGA,AR23,cystitis,AR23.N1,Cystitis,10011781,,,
FARXIGA,AR24,escherichia urinary tract infection,AR24.N1,Escherichia urinary tract infection,10052238,,,
FARXIGA,AR25,pyelonephritis,AR25.N1,Pyelonephritis,10037596,,,
FARXIGA,AR26,trigonitis,AR26.N1,Trigonitis,10044668,,,
FARXIGA,AR27,urethritis,AR27.N1,Urethritis,10046480,,,
FARXIGA,AR28,kidney infection,AR28.N1,Kidney infection,10023424,,,
FARXIGA,AR29,prostatitis,AR29.N1,Prostatitis,10036978,,,
FARXIGA,AR30,back pain,AR30.N1,Back pain,10003988,,,
FARXIGA,AR31,increased urination,AR31.N1,Pollakiuria,10036018,Micturition frequency increased,10071065,
FARXIGA,AR32,pollakiuria,AR32.N1,Pollakiuria,10036018,,,
FARXIGA,AR33,polyuria,AR33.N1,Polyuria,10036142,,,
FARXIGA,AR34,urine output increased,AR34.N1,Urine output increased,10059896,,,
FARXIGA,AR35,genital mycotic infections males,AR35.N1,Genital infection male,10062521,,,
FARXIGA,AR35,genital mycotic infections males,AR35.N2,Genital infection fungal,10061180,,,
FARXIGA,AR36,balanitis,AR36.N1,Balanoposthitis,10004078,Balanitis,10004073,
FARXIGA,AR37,balanitis candida,AR37.N1,Balanitis candida,10004074,,,
FARXIGA,AR38,genital infection male,AR38.N1,Genital infection male,10062521,,,
FARXIGA,AR39,penile infection,AR39.N1,Penile infection,10061912,,,
FARXIGA,AR40,balanoposthitis,AR40.N1,Balanoposthitis,10004078,,,
FARXIGA,AR41,balanoposthitis infective,AR41.N1,Balanoposthitis infective,10067741,,,
FARXIGA,AR42,posthitis,AR42.N1,Balanoposthitis,10004078,Posthitis,10036379,
FARXIGA,AR43,nausea,AR43.N1,Nausea,10028813,,,
FARXIGA,AR44,influenza,AR44.N1,Influenza,10022000,,,
FARXIGA,AR45,dyslipidemia,AR45.N1,Dyslipidaemia,10058108,Dyslipidemia,10058110,
FARXIGA,AR46,constipation,AR46.N1,Constipation,10010774,,,
FARXIGA,AR47,discomfort with urination,AR47.N1,Dysuria,10013990,,,
FARXIGA,AR48,pain in extremity,AR48.N1,Pain in extremity,10033425,,,
FARXIGA,AR49,osmotic diuresis,AR49.N1,Polyuria,10036142,Diuresis,10013523,underspecified
FARXIGA,AR50,reductions in intravascular volume,AR50.N1,Hypovolaemia,10021137,Intravascular depletion,10074191,
FARXIGA,AR51,volume depletion,AR51.N1,Hypovolaemia,10021137,Volume depletion,10047691,
FARXIGA,AR52,dehydration,AR52.N1,Dehydration,10012174,,,
FARXIGA,AR53,hypovolemia,AR53.N1,Hypovolaemia,10021137,Hypovolemia,10021139,
FARXIGA,AR54,orthostatic hypotension,AR54.N1,Orthostatic hypotension,10031127,,,
FARXIGA,AR55,increases in serum creatinine,AR55.N1,Blood creatinine increased,10005483,Serum creatinine increased,10040233,
FARXIGA,AR56,decreases in egfr,AR56.N1,Glomerular filtration rate decreased,10018358,GFR decreased,10018214,
FARXIGA,AR57,renal-related adverse reactions,AR57.N1,Renal impairment,10062237,Renal function disorder,10038455,
FARXIGA,AR58,renal failure,AR58.N1,Renal failure,10038435,,,
FARXIGA,AR59,blood creatinine increase,AR59.N1,Blood creatinine increased,10005483,,,
FARXIGA,AR60,renal impairment-related adverse reaction,AR60.N1,Renal impairment,10062237,Impaired renal function,10021523,
FARXIGA,AR61,bone fractures,AR61.N1,Fracture,10017076,Fracture bone,10017077,
FARXIGA,AR62,fractures,AR62.N1,Fracture,10017076,,,
FARXIGA,AR63,fracture,AR63.N1,Fracture,10017076,,,
FARXIGA,AR64,impairment in consciousness,AR64.N1,Altered state of consciousness,10001854,Consciousness abnormal,10010765,
FARXIGA,AR65,impairment in behavior,AR65.N1,Abnormal behaviour,10061422,Behavior abnormal,10004203,
FARXIGA,AR66,capillary glucose value <54 mg/dl,AR66.N1,Blood glucose decreased,10005555,,,
FARXIGA,AR67,plasma glucose value <54 mg/dl,AR67.N1,Blood glucose decreased,10005555,Plasma glucose decreased,10035305,
FARXIGA,AR68,capillary glucose measurement <63 mg/dl,AR68.N1,Blood glucose decreased,10005555,,,
FARXIGA,AR69,plasma glucose measurement <63 mg/dl,AR69.N1,Blood glucose decreased,10005555,Plasma glucose decreased,10035305,
FARXIGA,AR70,infections,AR70.N1,Infection,10021789,,,
FARXIGA,AR71,vulvovaginal mycotic infections,AR71.N1,Vulvovaginal mycotic infection,10064899,,,
FARXIGA,AR72,genital mycotic infection,AR72.N1,Genital infection fungal,10061180,,,
FARXIGA,AR73,hypersensitivity reactions,AR73.N1,Hypersensitivity,10020751,Hypersensitivity reaction,10020756,
FARXIGA,AR74,angioedema,AR74.N1,Angioedema,10002424,,,
FARXIGA,AR75,urticaria,AR75.N1,Urticaria,10046735,,,
FARXIGA,AR76,hypersensitivity,AR76.N1,Hypersensitivity,10020751,,,
FARXIGA,AR77,anaphylactic reactions,AR77.N1,Anaphylactic reaction,10002198,,,
FARXIGA,AR78,cutaneous adverse reactions,AR78.N1,Skin reaction,10040914,,,
FARXIGA,AR79,increases in mean hematocrit values,AR79.N1,Haematocrit increased,10018840,Hematocrit increased,10019424,
FARXIGA,AR80,changes in hematocrit,AR80.N1,Haematocrit abnormal,10049221,Hematocrit abnormal,10057763,
FARXIGA,AR81,hematocrit values >55%,AR81.N1,Haematocrit increased,10018840,Hematocrit increased,10019424,
FARXIGA,AR82,increases in mean serum phosphorus levels,AR82.N1,Blood phosphorus increased,10050196,,,
FARXIGA,AR83,hyperphosphatemia,AR83.N1,Hyperphosphataemia,10020711,Hyperphosphatemia,10020712,
FARXIGA,AR84,changes in mean lipid values,AR84.N1,Lipids abnormal,10024588,,,
FARXIGA,AR85,changes for total cholesterol,AR85.N1,Blood cholesterol abnormal,10005423,Cholesterol total abnormal NOS,10008669,
FARXIGA,AR86,changes for ldl cholesterol,AR86.N1,Low density lipoprotein abnormal,10024901,,,
FARXIGA,AR87,increased ldl-c,AR87.N1,Low density lipoprotein increased,10024910,LDL cholesterol increased,10024055,
FARXIGA,AR88,bladder cancers,AR88.N1,Bladder cancer,10005003,,,
FARXIGA,AR89,intravascular volume contraction,AR89.N1,Hypovolaemia,10021137,Intravascular depletion,10074191,
FARXIGA,AR90,symptomatic hypotension,AR90.N1,Hypotension,10021097,Hypotension symptomatic,10021105,
FARXIGA,AR91,increases serum creatinine,AR91.N1,Blood creatinine increased,10005483,Serum creatinine increased,10040233,
FARXIGA,AR92,decreases egfr,AR92.N1,Glomerular filtration rate decreased,10018358,GFR decreased,10018214,
FARXIGA,AR93,adverse renal function,AR93.N1,Renal impairment,10062237,Renal function abnormal,10038451,
FARXIGA,AR94,increases in ldl-c,AR94.N1,Low density lipoprotein increased,10024910,LDL cholesterol increased,10024055,
VICTRELIS,AR1,fatigue,AR1.N1,Fatigue,10016256,,,
VICTRELIS,AR2,anemia,AR2.N1,Anaemia,10002034,Anemia,10002272,
VICTRELIS,AR3,nausea,AR3.N1,Nausea,10028813,,,
VICTRELIS,AR4,headache,AR4.N1,Headache,10019211,,,
VICTRELIS,AR5,dysgeusia,AR5.N1,Dysgeusia,10013911,,,
VICTRELIS,AR6,neutropenia,AR6.N1,Neutropenia,10029354,,,
VICTRELIS,AR7,pancytopenia,AR7.N1,Pancytopenia,10033661,,,
VICTRELIS,AR8,hypersensitivity,AR8.N1,Hypersensitivity,10020751,,,
VICTRELIS,AR9,diarrhea,AR9.N1,Diarrhoea,10012735,Diarrhea,10012727,
VICTRELIS,AR10,vomiting,AR10.N1,Vomiting,10047700,,,
VICTRELIS,AR11,dry mouth,AR11.N1,Dry mouth,10013781,,,
VICTRELIS,AR12,chills,AR12.N1,Chills,10008531,,,
VICTRELIS,AR13,asthenia,AR13.N1,Asthenia,10003549,,,
VICTRELIS,AR14,decreased appetite,AR14.N1,Decreased appetite,10061428,,,
VICTRELIS,AR15,arthralgia,AR15.N1,Arthralgia,10003239,,,
VICTRELIS,AR16,dizziness,AR16.N1,Dizziness,10013573,,,
VICTRELIS,AR17,insomnia,AR17.N1,Insomnia,10022437,,,
VICTRELIS,AR18,irritability,AR18.N1,Irritability,10022998,,,
VICTRELIS,AR19,dyspnea exertional,AR19.N1,Dyspnoea exertional,10013971,Dyspnea exertional,10013966,
VICTRELIS,AR20,alopecia,AR20.N1,Alopecia,10001760,,,
VICTRELIS,AR21,dry skin,AR21.N1,Dry skin,10013786,,,
VICTRELIS,AR22,rash,AR22.N1,Rash,10037844,,,
VICTRELIS,AR23,alteration of taste,AR23.N1,Dysgeusia,10013911,Taste alteration,10043125,
VICTRELIS,AR24,decreased neutrophil counts,AR24.N1,Neutrophil count decreased,10029366,,,
VICTRELIS,AR25,decreased platelet counts,AR25.N1,Platelet count decreased,10035528,,,
VICTRELIS,AR26,platelet counts of less than 50 * 10 9 per l,AR26.N1,Platelet count decreased,10035528,Low platelets,10024922,
VICTRELIS,AR27,hemoglobin (g/dl) <10,AR27.N1,Haemoglobin decreased,10018884,Hemoglobin low,10055600,
VICTRELIS,AR28,hemoglobin (g/dl) <8.5,AR28.N1,Haemoglobin decreased,10018884,Hemoglobin decreased,10019483,
VICTRELIS,AR29,neutrophils (* 10 9 /l) <0.75,AR29.N1,Neutrophil count decreased,10029366,Neutrophil count low,10029369,
VICTRELIS,AR30,neutrophils (* 10 9 /l) <0.5,AR30.N1,Neutrophil count decreased,10029366,Neutrophil count low,10029369,
VICTRELIS,AR31,platelets (* 10 9 /l) <50,AR31.N1,Platelet count decreased,10035528,Low platelets,10024922,
VICTRELIS,AR32,platelets (* 10 9 /l) <25,AR32.N1,Platelet count decreased,10035528,Low platelets,10024922,
VICTRELIS,AR33,agranulocytosis,AR33.N1,Agranulocytosis,10001507,,,
VICTRELIS,AR34,thrombocytopenia,AR34.N1,Thrombocytopenia,10043554,,,
VICTRELIS,AR35,mouth ulceration,AR35.N1,Mouth ulceration,10028034,,,
VICTRELIS,AR36,stomatitis,AR36.N1,Stomatitis,10042128,,,
VICTRELIS,AR37,pneumonia,AR37.N1,Pneumonia,10035664,,,
VICTRELIS,AR38,sepsis,AR38.N1,Sepsis,10040047,,,
VICTRELIS,AR39,angioedema,AR39.N1,Angioedema,10002424,,,
VICTRELIS,AR40,urticaria,AR40.N1,Urticaria,10046735,,,
VICTRELIS,AR41,drug rash with eosinophilia and systemic symptoms syndrome,AR41.N1,Drug reaction with eosinophilia and systemic symptoms,10073508,Drug rash with eosinophilia and systemic symptoms,10058919,
VICTRELIS,AR42,dress syndrome,AR42.N1,Drug reaction with eosinophilia and systemic symptoms,10073508,DRESS syndrome,10058899,
VICTRELIS,AR43,exfoliative rash,AR43.N1,Exfoliative rash,10064579,,,
VICTRELIS,AR44,exfoliative dermatitis,AR44.N1,Dermatitis exfoliative,10012455,Exfoliative dermatitis,10015665,
VICTRELIS,AR45,stevens-johnson syndrome,AR45.N1,Stevens-Johnson syndrome,10042033,,,
VICTRELIS,AR46,toxic skin eruption,AR46.N1,Toxic skin eruption,10057970,,,
VICTRELIS,AR47,toxicoderma,AR47.N1,Toxic skin eruption,10057970,Toxicoderma,10044259,
VICTRELIS,AR48,embryofetal toxicity,AR48.N1,Maternal drugs affecting foetus,10026923,Drug toxicity NEC affecting foetus,10013750,
VICTRELIS,AR49,birth defects,AR49.N1,Congenital anomaly,10010356,Birth defects,10048305,
VICTRELIS,AR50,fetal death,AR50.N1,Foetal death,10055690,Fetal death,10016479,
VICTRELIS,AR51,decrease in hemoglobin concentrations,AR51.N1,Haemoglobin decreased,10018884,Decreased hemoglobin,10011964,
VICTRELIS,AR52,worsening of neutropenia,AR52.N1,Neutropenia,10029354,Neutropenia aggravated,10029356,
VICTRELIS,AR53,acute hypersensitivity reactions,AR53.N1,Hypersensitivity,10020751,Hypersensitivity reaction,10020756,
VICTRELIS,AR54,death of the exposed fetus,AR54.N1,Foetal death,10055690,Fetal death,10016479,
VICTRELIS,AR55,additional decrease in hemoglobin concentrations,AR55.N1,Haemoglobin decreased,10018884,Decreased hemoglobin,10011964,
VICTRELIS,AR56,hemoglobin values less than 10 g per dl,AR56.N1,Haemoglobin decreased,10018884,Hemoglobin low,10055600,
VICTRELIS,AR57,hemoglobin values less than 8.5 g per dl,AR57.N1,Haemoglobin decreased,10018884,Hemoglobin low,10055600,
VICTRELIS,AR58,hemoglobin less than 10 g per dl,AR58.N1,Haemoglobin decreased,10018884,Hemoglobin low,10055600,
VICTRELIS,AR59,dyspnea,AR59.N1,Dyspnoea,10013968,Dyspnea,10013963,
VICTRELIS,AR60,exertional dyspnea,AR60.N1,Dyspnoea exertional,10013971,Exertional dyspnea,10055548,
VICTRELIS,AR61,syncope,AR61.N1,Syncope,10042772,,,
VICTRELIS,AR62,thromboembolic events,AR62.N1,Embolism,10061169,Thromboembolic event,10043565,
VICTRELIS,AR63,neutrophil counts of less than 0.5 * 10 9 per l,AR63.N1,Neutrophil count decreased,10029366,Neutrophil count low,10029369,
VICTRELIS,AR64,infections,AR64.N1,Infection,10021789,,,
VIMIZIM,AR1,anaphylaxis,AR1.N1,Anaphylactic reaction,10002198,Anaphylaxis,10002218,
VIMIZIM,AR2,hypersensitivity reactions,AR2.N1,Hypersensitivity,10020751,Hypersensitivity reaction,10020756,
VIMIZIM,AR3,pyrexia,AR3.N1,Pyrexia,10037660,,,
VIMIZIM,AR4,vomiting,AR4.N1,Vomiting,10047700,,,
VIMIZIM,AR5,headache,AR5.N1,Headache,10019211,,,
VIMIZIM,AR6,nausea,AR6.N1,Nausea,10028813,,,
VIMIZIM,AR7,abdominal pain,AR7.N1,Abdominal pain,10000081,,,
VIMIZIM,AR8,chills,AR8.N1,Chills,10008531,,,
VIMIZIM,AR9,fatigue,AR9.N1,Fatigue,10016256,,,
VIMIZIM,AR10,anaphylactic reactions,AR10.N1,Anaphylactic reaction,10002198,,,
VIMIZIM,AR11,cough,AR11.N1,Cough,10011224,,,
VIMIZIM,AR12,erythema,AR12.N1,Erythema,10015150,,,
VIMIZIM,AR13,throat tightness,AR13.N1,Throat tightness,10043528,,,
VIMIZIM,AR14,urticaria,AR14.N1,Urticaria,10046735,,,
VIMIZIM,AR15,flushing,AR15.N1,Flushing,10016825,,,
VIMIZIM,AR16,cyanosis,AR16.N1,Cyanosis,10011703,,,
VIMIZIM,AR17,hypotension,AR17.N1,Hypotension,10021097,,,
VIMIZIM,AR18,rash,AR18.N1,Rash,10037844,,,
VIMIZIM,AR19,dyspnea,AR19.N1,Dyspnoea,10013968,Dyspnea,10013963,
VIMIZIM,AR20,chest discomfort,AR20.N1,Chest discomfort,10008469,,,
VIMIZIM,AR21,gastrointestinal symptoms,AR21.N1,Gastrointestinal disorder,10017944,Gastrointestinal symptom NOS,10018011,
VIMIZIM,AR22,retching,AR22.N1,Retching,10038776,,,
VIMIZIM,AR23,hypersensitivity,AR23.N1,Hypersensitivity,10020751,,,
VIMIZIM,AR24,acute respiratory complications,AR24.N1,Post procedural complication,10058046,"Respiratory complications, not elsewhere classified",10038671,
VIMIZIM,AR25,peripheral edema,AR25.N1,Oedema peripheral,10030124,Peripheral edema,10034570,
BEPREVE,AR1,taste following instillation,AR1.N1,Product taste abnormal,10069227,Medication after taste,10067060,
BEPREVE,AR2,eye irritation,AR2.N1,Eye irritation,10015946,,,
BEPREVE,AR3,headache,AR3.N1,Headache,10019211,,,
BEPREVE,AR4,nasopharyngitis,AR4.N1,Nasopharyngitis,10028810,,,
BEPREVE,AR5,hypersensitivity reactions,AR5.N1,Hypersensitivity,10020751,Hypersensitivity reaction,10020756,
BEPREVE,AR6,itching,AR6.N1,Pruritus,10037087,Itching,10023084,
BEPREVE,AR7,body rash,AR7.N1,Rash,10037844,,,
BEPREVE,AR8,swelling of lips,AR8.N1,Lip swelling,10024570,Swelling of lips,10042703,
BEPREVE,AR9,swelling of tongue,AR9.N1,Swollen tongue,10042727,Swelling of tongue,10042706,
BEPREVE,AR10,swelling of throat,AR10.N1,Pharyngeal oedema,10034829,Throat swelling,10043525,
PRISTIQ,AR1,hypersensitivity,AR1.N1,Hypersensitivity,10020751,,,
PRISTIQ,AR2,suicidal thoughts,AR2.N1,Suicidal ideation,10042458,,,
PRISTIQ,AR3,suicidal behaviors,AR3.N1,Suicidal behaviour,10065604,Suicidal behavior,10065607,
PRISTIQ,AR4,serotonin syndrome,AR4.N1,Serotonin syndrome,10040108,,,
PRISTIQ,AR5,elevated blood pressure,AR5.N1,Blood pressure increased,10005750,,,
PRISTIQ,AR6,abnormal bleeding,AR6.N1,Haemorrhagic disorder,10019009,Hemorrhage abnormal,10055261,
PRISTIQ,AR7,angle closure glaucoma,AR7.N1,Angle closure glaucoma,10002500,,,
PRISTIQ,AR8,mania,AR8.N1,Mania,10026749,,,
PRISTIQ,AR9,hypomania,AR9.N1,Hypomania,10021030,,,
PRISTIQ,AR10,discontinuation syndrome,AR10.N1,Drug withdrawal syndrome,10013754,,,
PRISTIQ,AR11,seizure,AR11.N1,Seizure,10039906,,,
PRISTIQ,AR12,hyponatremia,AR12.N1,Hyponatraemia,10021036,Hyponatremia,10021038,
PRISTIQ,AR13,interstitial lung disease,AR13.N1,Interstitial lung disease,10022611,,,
PRISTIQ,AR14,eosinophilic pneumonia,AR14.N1,Eosinophilic pneumonia,10014962,,,
PRISTIQ,AR15,nausea,AR15.N1,Nausea,10028813,,,
PRISTIQ,AR16,dizziness,AR16.N1,Dizziness,10013573,,,
PRISTIQ,AR17,insomnia,AR17.N1,Insomnia,10022437,,,
PRISTIQ,AR18,hyperhidrosis,AR18.N1,Hyperhidrosis,10020642,,,
PRISTIQ,AR19,constipation,AR19.N1,Constipation,10010774,,,
PRISTIQ,AR20,somnolence,AR20.N1,Somnolence,10041349,,,
PRISTIQ,AR21,decreased appetite,AR21.N1,Decreased appetite,10061428,,,
PRISTIQ,AR22,anxiety,AR22.N1,Anxiety,10002855,,,
PRISTIQ,AR23,male sexual function disorders,AR23.N1,Male sexual dysfunction,10057672,,,
PRISTIQ,AR24,headache,AR24.N1,Headache,10019211,,,
PRISTIQ,AR25,vomiting,AR25.N1,Vomiting,10047700,,,
PRISTIQ,AR26,blood pressure increased,AR26.N1,Blood pressure increased,10005750,,,
PRISTIQ,AR27,dry mouth,AR27.N1,Dry mouth,10013781,,,
PRISTIQ,AR28,fatigue,AR28.N1,Fatigue,10016256,,,
PRISTIQ,AR29,chills,AR29.N1,Chills,10008531,,,
PRISTIQ,AR30,feeling jittery,AR30.N1,Feeling jittery,10016338,,,
PRISTIQ,AR31,tremor,AR31.N1,Tremor,10044565,,,
PRISTIQ,AR32,disturbance in attention,AR32.N1,Disturbance in attention,10013496,,,
PRISTIQ,AR33,nervousness,AR33.N1,Nervousness,10029216,,,
PRISTIQ,AR34,abnormal dreams,AR34.N1,Abnormal dreams,10000125,,,
PRISTIQ,AR35,urinary hesitation,AR35.N1,Urinary hesitation,10046542,,,
PRISTIQ,AR36,yawning,AR36.N1,Yawning,10048232,,,
PRISTIQ,AR37,vision blurred,AR37.N1,Vision blurred,10047513,,,
PRISTIQ,AR38,mydriasis,AR38.N1,Mydriasis,10028521,,,
PRISTIQ,AR39,vertigo,AR39.N1,Vertigo,10047340,,,
PRISTIQ,AR40,tinnitus,AR40.N1,Tinnitus,10043882,,,
PRISTIQ,AR41,dysgeusia,AR41.N1,Dysgeusia,10013911,,,
PRISTIQ,AR42,hot flush,AR42.N1,Hot flush,10060800,,,
PRISTIQ,AR43,sexual function adverse reactions,AR43.N1,Sexual dysfunction,10040477,,,
PRISTIQ,AR44,anorgasmia,AR44.N1,Anorgasmia,10002652,,,
PRISTIQ,AR45,libido decreased,AR45.N1,Libido decreased,10024419,,,
PRISTIQ,AR46,orgasm abnormal,AR46.N1,Orgasm abnormal,10031085,,,
PRISTIQ,AR47,ejaculation delayed,AR47.N1,Ejaculation delayed,10014325,,,
PRISTIQ,AR48,erectile dysfunction,AR48.N1,Erectile dysfunction,10061461,,,
PRISTIQ,AR49,ejaculation disorder,AR49.N1,Ejaculation disorder,10014326,,,
PRISTIQ,AR50,ejaculation failure,AR50.N1,Ejaculation failure,10014328,,,
PRISTIQ,AR51,sexual dysfunction,AR51.N1,Sexual dysfunction,10040477,,,
PRISTIQ,AR52,tachycardia,AR52.N1,Tachycardia,10043071,,,
PRISTIQ,AR53,asthenia,AR53.N1,Asthenia,10003549,,,
PRISTIQ,AR54,weight increased,AR54.N1,Weight increased,10047899,,,
PRISTIQ,AR55,liver function test abnormal,AR55.N1,Liver function test abnormal,10024690,,,
PRISTIQ,AR56,blood prolactin increased,AR56.N1,Blood prolactin increased,10005780,,,
PRISTIQ,AR57,musculoskeletal stiffness,AR57.N1,Musculoskeletal stiffness,10052904,,,
PRISTIQ,AR58,syncope,AR58.N1,Syncope,10042772,,,
PRISTIQ,AR59,convulsion,AR59.N1,Seizure,10039906,Convulsion,10010904,
PRISTIQ,AR60,dystonia,AR60.N1,Dystonia,10013983,,,
PRISTIQ,AR61,depersonalization,AR61.N1,Depersonalisation,10012357,Depersonalization,10012359,
PRISTIQ,AR62,bruxism,AR62.N1,Bruxism,10006514,,,
PRISTIQ,AR63,urinary retention,AR63.N1,Urinary retention,10046555,,,
PRISTIQ,AR64,rash,AR64.N1,Rash,10037844,,,
PRISTIQ,AR65,alopecia,AR65.N1,Alopecia,10001760,,,
PRISTIQ,AR66,photosensitivity,AR66.N1,Photosensitivity reaction,10034972,Photosensitivity,10034966,
PRISTIQ,AR67,angioedema,AR67.N1,Angioedema,10002424,,,
PRISTIQ,AR68,ischemic cardiac adverse reactions,AR68.N1,Myocardial ischaemia,10028600,Ischemic heart disease,10055218,
PRISTIQ,AR69,myocardial ischemia,AR69.N1,Myocardial ischaemia,10028600,Myocardial ischemia,10028601,
PRISTIQ,AR70,myocardial infarction,AR70.N1,Myocardial infarction,10028596,,,
PRISTIQ,AR71,coronary occlusion,AR71.N1,Coronary artery occlusion,10011086,Coronary occlusion,10011103,
PRISTIQ,AR72,elevations in fasting serum total cholesterol,AR72.N1,Blood cholesterol increased,10005425,Cholesterol serum increased,10008667,
PRISTIQ,AR73,elevations in fasting serum ldl,AR73.N1,Low density lipoprotein increased,10024910,,,
PRISTIQ,AR74,elevations in fasting serum low density lipoproteins,AR74.N1,Low density lipoprotein increased,10024910,,,
PRISTIQ,AR75,elevations in fasting serum cholesterol,AR75.N1,Blood cholesterol increased,10005425,Serum cholesterol increased,10040190,
PRISTIQ,AR76,elevations in fasting serum triglycerides,AR76.N1,Blood triglycerides increased,10005839,Triglycerides elevated serum,10044664,
PRISTIQ,AR77,lipid abnormalities,AR77.N1,Lipids abnormal,10024588,,,
PRISTIQ,AR78,total cholesterol >= 261 mg/dl,AR78.N1,Blood cholesterol increased,10005425,Cholesterol total increased,10008671,
PRISTIQ,AR79,ldl cholesterol >= 190 mg/dl,AR79.N1,Low density lipoprotein increased,10024910,LDL cholesterol increased,10024055,
PRISTIQ,AR80,"triglycerides, fasting >= 327 mg/dl",AR80.N1,Blood triglycerides increased,10005839,Triglycerides high,10052373,
PRISTIQ,AR81,proteinuria,AR81.N1,Proteinuria,10037032,,,
PRISTIQ,AR82,hypertension,AR82.N1,Hypertension,10020772,,,
PRISTIQ,AR83,supine diastolic blood pressure >=90 mm hg,AR83.N1,Blood pressure diastolic increased,10005739,,,underspecified
PRISTIQ,AR84,elevation of supine diastolic blood pressure,AR84.N1,Blood pressure diastolic increased,10005739,,,
PRISTIQ,AR85,systolic orthostatic hypotension,AR85.N1,Orthostatic hypotension,10031127,Hypotension orthostatic,10021100,
PRISTIQ,AR86,stevens-johnson syndrome,AR86.N1,Stevens-Johnson syndrome,10042033,,,
PRISTIQ,AR87,clinical worsening,AR87.N1,Condition aggravated,10010264,,,
PRISTIQ,AR88,suicide risk,AR88.N1,Suicidal ideation,10042458,Suicidal tendency,10042461,
PRISTIQ,AR89,bleeding,AR89.N1,Haemorrhage,10055798,Bleeding,10005103,
PRISTIQ,AR90,activation of mania,AR90.N1,Mania,10026749,,,
PRISTIQ,AR91,activation of hypomania,AR91.N1,Hypomania,10021030,,,
PRISTIQ,AR92,suicidality,AR92.N1,Suicidal behaviour,10065604,Suicidal behavior,10065607,
PRISTIQ,AR93,suicides,AR93.N1,Completed suicide,10010144,Suicide,10042462,
PRISTIQ,AR94,mental status changes,AR94.N1,Mental status changes,10048294,,,
PRISTIQ,AR95,agitation,AR95.N1,Agitation,10001497,,,
PRISTIQ,AR96,hallucinations,AR96.N1,Hallucination,10019063,Hallucinations,10019077,
PRISTIQ,AR97,delirium,AR97.N1,Delirium,10012218,,,
PRISTIQ,AR98,coma,AR98.N1,Coma,10010071,,,
PRISTIQ,AR99,autonomic instability,AR99.N1,Autonomic nervous system imbalance,10003840,Autonomic instability,10049218,
PRISTIQ,AR100,labile blood pressure,AR100.N1,Labile blood pressure,10023533,,,
PRISTIQ,AR101,diaphoresis,AR101.N1,Hyperhidrosis,10020642,Diaphoresis,10012703,
PRISTIQ,AR102,flushing,AR102.N1,Flushing,10016825,,,
PRISTIQ,AR103,hyperthermia,AR103.N1,Hyperthermia,10020843,,,
PRISTIQ,AR104,neuromuscular symptoms,AR104.N1,Neuromyopathy,10029323,Neuromuscular disorder NOS,10029316,
PRISTIQ,AR105,rigidity,AR105.N1,Muscle rigidity,10028330,Rigidity,10039168,
PRISTIQ,AR106,myoclonus,AR106.N1,Myoclonus,10028622,,,
PRISTIQ,AR107,hyperreflexia,AR107.N1,Hyperreflexia,10020745,,,
PRISTIQ,AR108,incoordination,AR108.N1,Coordination abnormal,10010947,Incoordination,10021649,
PRISTIQ,AR109,seizures,AR109.N1,Seizure,10039906,Seizures,10039910,
PRISTIQ,AR110,gastrointestinal symptoms,AR110.N1,Gastrointestinal disorder,10017944,Gastrointestinal symptom NOS,10018011,
PRISTIQ,AR111,diarrhea,AR111.N1,Diarrhoea,10012735,Diarrhea,10012727,
PRISTIQ,AR112,increases in blood pressure,AR112.N1,Blood pressure increased,10005750,,,
PRISTIQ,AR113,blood pressure increases,AR113.N1,Blood pressure increased,10005750,,,
PRISTIQ,AR114,angle-closure glaucoma,AR114.N1,Angle closure glaucoma,10002500,,,
PRISTIQ,AR115,angle closure attack,AR115.N1,Angle closure glaucoma,10002500,Acute angle closure glaucoma,10000673,
PRISTIQ,AR116,irritability,AR116.N1,Irritability,10022998,,,
PRISTIQ,AR117,syndrome of inappropriate antidiuretic hormone secretion,AR117.N1,Inappropriate antidiuretic hormone secretion,10053198,,,
PRISTIQ,AR118,siadh,AR118.N1,Inappropriate antidiuretic hormone secretion,10053198,SIADH,10040626,
PRISTIQ,AR119,serum sodium lower than 110 mmol/l,AR119.N1,Blood sodium decreased,10005802,Serum sodium decreased,10054863,
PRISTIQ,AR120,difficulty concentrating,AR120.N1,Disturbance in attention,10013496,Attention concentration difficulty,10003729,
PRISTIQ,AR121,memory impairment,AR121.N1,Memory impairment,10027175,,,
PRISTIQ,AR122,confusion,AR122.N1,Confusional state,10010305,Confusion,10010300,
PRISTIQ,AR123,weakness,AR123.N1,Asthenia,10003549,Weakness,10047862,
PRISTIQ,AR124,unsteadiness,AR124.N1,Balance disorder,10049848,Unsteadiness,10046260,
PRISTIQ,AR125,falls,AR125.N1,Fall,10016173,,,
PRISTIQ,AR126,hallucination,AR126.N1,Hallucination,10019063,,,
PRISTIQ,AR127,respiratory arrest,AR127.N1,Respiratory arrest,10038669,,,
PRISTIQ,AR128,death,AR128.N1,Death,10011906,,,
TAFINLAR,AR1,primary malignancies,AR1.N1,Neoplasm malignant,10028997,,,
TAFINLAR,AR2,tumor promotion in braf wild-type melanoma,AR2.N1,Carcinogenicity,10007269,,,
TAFINLAR,AR3,hemorrhage,AR3.N1,Haemorrhage,10055798,Hemorrhage,10019524,
TAFINLAR,AR4,venous thromboembolism,AR4.N1,Embolism venous,10014522,Venous thromboembolism,10066899,
TAFINLAR,AR5,cardiomyopathy,AR5.N1,Cardiomyopathy,10007636,,,
TAFINLAR,AR6,ocular toxicities,AR6.N1,Ocular toxicity,10061137,,,
TAFINLAR,AR7,febrile reactions,AR7.N1,Pyrexia,10037660,Febrile reaction,10016289,
TAFINLAR,AR8,skin toxicity,AR8.N1,Skin toxicity,10059516,,,
TAFINLAR,AR9,hyperglycemia,AR9.N1,Hyperglycaemia,10020635,Hyperglycemia,10020639,
TAFINLAR,AR10,glucose-6-phosphate dehydrogenase deficiency,AR10.N1,Glucose-6-phosphate dehydrogenase deficiency,10018444,,,
TAFINLAR,AR11,hyperkeratosis,AR11.N1,Hyperkeratosis,10020649,,,
TAFINLAR,AR12,headache,AR12.N1,Headache,10019211,,,
TAFINLAR,AR13,pyrexia,AR13.N1,Pyrexia,10037660,,,
TAFINLAR,AR14,arthralgia,AR14.N1,Arthralgia,10003239,,,
TAFINLAR,AR15,papilloma,AR15.N1,Papilloma,10033713,,,
TAFINLAR,AR16,alopecia,AR16.N1,Alopecia,10001760,,,
TAFINLAR,AR17,palmar-plantar erythrodysesthesia syndrome,AR17.N1,Palmar-plantar erythrodysaesthesia syndrome,10033553,Palmar-plantar erythrodysesthesia syndrome,10054524,
TAFINLAR,AR18,chills,AR18.N1,Chills,10008531,,,
TAFINLAR,AR19,fatigue,AR19.N1,Fatigue,10016256,,,
TAFINLAR,AR20,rash,AR20.N1,Rash,10037844,,,
TAFINLAR,AR21,nausea,AR21.N1,Nausea,10028813,,,
TAFINLAR,AR22,vomiting,AR22.N1,Vomiting,10047700,,,
TAFINLAR,AR23,diarrhea,AR23.N1,Diarrhoea,10012735,Diarrhea,10012727,
TAFINLAR,AR24,abdominal pain,AR24.N1,Abdominal pain,10000081,,,
TAFINLAR,AR25,peripheral edema,AR25.N1,Oedema peripheral,10030124,Peripheral edema,10034570,
TAFINLAR,AR26,cough,AR26.N1,Cough,10011224,,,
TAFINLAR,AR27,night sweats,AR27.N1,Night sweats,10029410,,,
TAFINLAR,AR28,decreased appetite,AR28.N1,Decreased appetite,10061428,,,
TAFINLAR,AR29,constipation,AR29.N1,Constipation,10010774,,,
TAFINLAR,AR30,myalgia,AR30.N1,Myalgia,10028411,,,
TAFINLAR,AR31,ppes,AR31.N1,Palmar-plantar erythrodysaesthesia syndrome,10033553,Palmar-plantar erythrodysesthesia syndrome,10054524,
TAFINLAR,AR32,back pain,AR32.N1,Back pain,10003988,,,
TAFINLAR,AR33,cuscc,AR33.N1,Squamous cell carcinoma of skin,10041834,,,
TAFINLAR,AR34,nasopharyngitis,AR34.N1,Nasopharyngitis,10028810,,,
TAFINLAR,AR35,skin papilloma,AR35.N1,Skin papilloma,10040907,,,
TAFINLAR,AR36,squamous cell carcinoma of the skin,AR36.N1,Squamous cell carcinoma of skin,10041834,,,
TAFINLAR,AR37,keratoacanthoma,AR37.N1,Keratoacanthoma,10023347,,,
TAFINLAR,AR38,cutaneous squamous cell carcinoma,AR38.N1,Squamous cell carcinoma of skin,10041834,,,
TAFINLAR,AR39,hypophosphatemia,AR39.N1,Hypophosphataemia,10021058,Hypophosphatemia,10021059,
TAFINLAR,AR40,increased alkaline phosphatase,AR40.N1,Blood alkaline phosphatase increased,10059570,Alkaline phosphatase increased,10001675,
TAFINLAR,AR41,hyponatremia,AR41.N1,Hyponatraemia,10021036,Hyponatremia,10021038,
TAFINLAR,AR42,pancreatitis,AR42.N1,Pancreatitis,10033645,,,
TAFINLAR,AR43,hypersensitivity,AR43.N1,Hypersensitivity,10020751,,,
TAFINLAR,AR44,bullous rash,AR44.N1,Dermatitis bullous,10012441,Bullous rash,10006569,
TAFINLAR,AR45,interstitial nephritis,AR45.N1,Tubulointerstitial nephritis,10048302,Nephritis interstitial,10029134,
TAFINLAR,AR46,decreased ejection fraction,AR46.N1,Ejection fraction decreased,10050528,,,
TAFINLAR,AR47,edema peripheral,AR47.N1,Oedema peripheral,10030124,Edema peripheral,10014251,
TAFINLAR,AR48,dry skin,AR48.N1,Dry skin,10013786,,,
TAFINLAR,AR49,dermatitis acneiform,AR49.N1,Dermatitis acneiform,10012432,,,
TAFINLAR,AR50,actinic keratosis,AR50.N1,Actinic keratosis,10000614,,,
TAFINLAR,AR51,erythema,AR51.N1,Erythema,10015150,,,
TAFINLAR,AR52,pruritus,AR52.N1,Pruritus,10037087,,,
TAFINLAR,AR53,dry mouth,AR53.N1,Dry mouth,10013781,,,
TAFINLAR,AR54,dizziness,AR54.N1,Dizziness,10013573,,,
TAFINLAR,AR55,oropharyngeal pain,AR55.N1,Oropharyngeal pain,10068319,,,
TAFINLAR,AR56,muscle spasms,AR56.N1,Muscle spasms,10028334,,,
TAFINLAR,AR57,pain in extremity,AR57.N1,Pain in extremity,10033425,,,
TAFINLAR,AR58,dehydration,AR58.N1,Dehydration,10012174,,,
TAFINLAR,AR59,insomnia,AR59.N1,Insomnia,10022437,,,
TAFINLAR,AR60,urinary tract infection,AR60.N1,Urinary tract infection,10046571,,,
TAFINLAR,AR61,renal failure,AR61.N1,Renal failure,10038435,,,
TAFINLAR,AR62,edema,AR62.N1,Oedema,10030095,Edema,10014210,
TAFINLAR,AR63,lymphedema,AR63.N1,Lymphoedema,10025282,Lymphedema,10025233,
TAFINLAR,AR64,rash generalized,AR64.N1,Rash generalised,10037858,Generalized rash,10049201,
TAFINLAR,AR65,rash pruritic,AR65.N1,Rash pruritic,10037884,,,
TAFINLAR,AR66,rash erythematous,AR66.N1,Rash erythematous,10037855,,,
TAFINLAR,AR67,rash papular,AR67.N1,Rash papular,10037876,,,
TAFINLAR,AR68,rash vesicular,AR68.N1,Rash vesicular,10037898,,,
TAFINLAR,AR69,rash macular,AR69.N1,Rash macular,10037867,,,
TAFINLAR,AR70,rash maculo-papular,AR70.N1,Rash maculo-papular,10037868,,,
TAFINLAR,AR71,abdominal pain upper,AR71.N1,Abdominal pain upper,10000087,,,
TAFINLAR,AR72,abdominal pain lower,AR72.N1,Abdominal pain lower,10000084,,,
TAFINLAR,AR73,abdominal discomfort,AR73.N1,Abdominal discomfort,10000059,,,
TAFINLAR,AR74,brain stem hemorrhage,AR74.N1,Brain stem haemorrhage,10006145,Brain stem hemorrhage,10006146,
TAFINLAR,AR75,cerebral hemorrhage,AR75.N1,Cerebral haemorrhage,10008111,Cerebral hemorrhage,10008114,
TAFINLAR,AR76,gastric hemorrhage,AR76.N1,Gastric haemorrhage,10017788,Gastric hemorrhage,10017789,
TAFINLAR,AR77,epistaxis,AR77.N1,Epistaxis,10015090,,,
TAFINLAR,AR78,gingival hemorrhage,AR78.N1,Gingival bleeding,10018276,Gingival hemorrhage,10072706,
TAFINLAR,AR79,hematuria,AR79.N1,Haematuria,10018867,Hematuria,10019450,
TAFINLAR,AR80,vaginal hemorrhage,AR80.N1,Vaginal haemorrhage,10046910,Vaginal hemorrhage,10046912,
TAFINLAR,AR81,hemorrhage intracranial,AR81.N1,Haemorrhage intracranial,10018985,Hemorrhage intracranial,10019552,
TAFINLAR,AR82,eye hemorrhage,AR82.N1,Eye haemorrhage,10015926,Eye hemorrhage,10015928,
TAFINLAR,AR83,vitreous hemorrhage,AR83.N1,Vitreous haemorrhage,10047655,Vitreous hemorrhage,10047656,
TAFINLAR,AR84,renal failure acute,AR84.N1,Acute kidney injury,10069339,Renal failure acute,10038436,
TAFINLAR,AR85,vision blurred,AR85.N1,Vision blurred,10047513,,,
TAFINLAR,AR86,transient blindness,AR86.N1,Blindness transient,10005184,Transient blindness,10044373,
TAFINLAR,AR87,stomatitis,AR87.N1,Stomatitis,10042128,,,
TAFINLAR,AR88,asthenia,AR88.N1,Asthenia,10003549,,,
TAFINLAR,AR89,cellulitis,AR89.N1,Cellulitis,10007882,,,
TAFINLAR,AR90,folliculitis,AR90.N1,Folliculitis,10016936,,,
TAFINLAR,AR91,paronychia,AR91.N1,Paronychia,10034016,,,
TAFINLAR,AR92,rash pustular,AR92.N1,Rash pustular,10037888,,,
TAFINLAR,AR93,hyperhidrosis,AR93.N1,Hyperhidrosis,10020642,,,
TAFINLAR,AR94,hypertension,AR94.N1,Hypertension,10020772,,,
TAFINLAR,AR95,leukopenia,AR95.N1,Leukopenia,10024384,,,
TAFINLAR,AR96,lymphopenia,AR96.N1,Lymphopenia,10025327,,,
TAFINLAR,AR97,neutropenia,AR97.N1,Neutropenia,10029354,,,
TAFINLAR,AR98,anemia,AR98.N1,Anaemia,10002034,Anemia,10002272,
TAFINLAR,AR99,thrombocytopenia,AR99.N1,Thrombocytopenia,10043554,,,
TAFINLAR,AR100,increased ast,AR100.N1,Aspartate aminotransferase increased,10003481,AST increased,10003544,
TAFINLAR,AR101,increased alt,AR101.N1,Alanine aminotransferase increased,10001551,ALT increased,10001845,
TAFINLAR,AR102,hyperbilirubinemia,AR102.N1,Hyperbilirubinaemia,10020578,Hyperbilirubinemia,10020582,
TAFINLAR,AR103,increased ggt,AR103.N1,Gamma-glutamyltransferase increased,10017693,GGT increased,10056910,
TAFINLAR,AR104,hypoalbuminemia,AR104.N1,Hypoalbuminaemia,10020942,Hypoalbuminemia,10020943,
TAFINLAR,AR105,hypokalemia,AR105.N1,Hypokalaemia,10021015,Hypokalemia,10021018,
TAFINLAR,AR106,increased creatinine,AR106.N1,Blood creatinine increased,10005483,Creatinine increased,10011368,
TAFINLAR,AR107,hypomagnesemia,AR107.N1,Hypomagnesaemia,10021027,Hypomagnesemia,10021028,
TAFINLAR,AR108,hyperkalemia,AR108.N1,Hyperkalaemia,10020646,Hyperkalemia,10020647,
TAFINLAR,AR109,hypercalcemia,AR109.N1,Hypercalcaemia,10020583,Hypercalcemia,10020587,
TAFINLAR,AR110,hypocalcemia,AR110.N1,Hypocalcaemia,10020947,Hypocalcemia,10020949,
TAFINLAR,AR111,qtcf prolongation,AR111.N1,Electrocardiogram QT prolonged,10014387,Electrocardiogram QTc interval prolonged,10053698,
TAFINLAR,AR112,qtcf was increased,AR112.N1,Electrocardiogram QT prolonged,10014387,Electrocardiogram QTc interval prolonged,10053698,
TAFINLAR,AR113,retinal vein occlusion,AR113.N1,Retinal vein occlusion,10038907,,,
TAFINLAR,AR114,interstitial lung disease,AR114.N1,Interstitial lung disease,10022611,,,
TAFINLAR,AR115,"primary malignancies, cutaneous",AR115.N1,Skin cancer,10040808,Skin neoplasm malignant,10040895,
TAFINLAR,AR116,primary malignancies non-cutaneous,AR116.N1,Neoplasm malignant,10028997,,,underspecified
TAFINLAR,AR117,hemorrhagic events,AR117.N1,Haemorrhage,10055798,Hemorrhage,10019524,
TAFINLAR,AR118,deep vein thrombosis,AR118.N1,Deep vein thrombosis,10051055,,,
TAFINLAR,AR119,pulmonary embolism,AR119.N1,Pulmonary embolism,10037377,,,
TAFINLAR,AR120,embryofetal toxicity,AR120.N1,Maternal drugs affecting foetus,10026923,Drug toxicity NEC affecting foetus,10013750,
TAFINLAR,AR121,fetal harm,AR121.N1,Foetal damage,10016852,Fetal damage,10054743,
TAFINLAR,AR122,melanoma,AR122.N1,Malignant melanoma,10025650,Melanoma,10053571,
TAFINLAR,AR123,basal cell carcinoma,AR123.N1,Basal cell carcinoma,10004146,,,
TAFINLAR,AR124,cutaneous squamous cell carcinomas,AR124.N1,Squamous cell carcinoma of skin,10041834,,,
TAFINLAR,AR125,keratoacanthomas,AR125.N1,Keratoacanthoma,10023347,,,
TAFINLAR,AR126,primary malignant melanomas,AR126.N1,Malignant melanoma,10025650,,,
TAFINLAR,AR127,scc,AR127.N1,Squamous cell carcinoma of skin,10041834,,,
TAFINLAR,AR128,primary melanoma,AR128.N1,Malignant melanoma,10025650,Melanoma,10053571,
TAFINLAR,AR129,malignancies,AR129.N1,Neoplasm malignant,10028997,,,
TAFINLAR,AR130,non-cutaneous malignancies,AR130.N1,Neoplasm malignant,10028997,,,underspecified
TAFINLAR,AR131,kras mutation-positive pancreatic adenocarcinoma,AR131.N1,Adenocarcinoma pancreas,10052747,Pancreatic adenocarcinoma,10051971,
TAFINLAR,AR131,kras mutation-positive pancreatic adenocarcinoma,AR131.N2,K-ras gene mutation,10069755,KRAS mutation,10069759,
TAFINLAR,AR132,recurrent nras mutation-positive colorectal carcinoma,AR132.N1,Colorectal cancer,10061451,Colorectal carcinoma,10010036,underspecified
TAFINLAR,AR133,head and neck carcinoma,AR133.N1,,,,,unmapped
TAFINLAR,AR134,glioblastoma,AR134.N1,Glioblastoma,10018336,,,
TAFINLAR,AR135,hemorrhages,AR135.N1,Haemorrhage,10055798,Hemorrhage,10019524,
TAFINLAR,AR136,symptomatic bleeding,AR136.N1,Haemorrhage,10055798,Bleeding,10005103,underspecified
TAFINLAR,AR137,hemorrhagic event,AR137.N1,Haemorrhage,10055798,Hemorrhage,10019524,
TAFINLAR,AR138,intracranial hemorrhage,AR138.N1,Haemorrhage intracranial,10018985,Intracranial hemorrhage,10022763,
TAFINLAR,AR139,fatal,AR139.N1,Death,10011906,,,
TAFINLAR,AR140,deep venous thrombosis,AR140.N1,Deep vein thrombosis,10051055,Thrombosis venous deep,10043642,
TAFINLAR,AR141,dvt,AR141.N1,Deep vein thrombosis,10051055,DVT,10013877,
TAFINLAR,AR142,pe,AR142.N1,Pulmonary embolism,10037377,,,
TAFINLAR,AR143,decrease in lvef,AR143.N1,Ejection fraction decreased,10050528,Left ventricular ejection fraction decreased,10053222,
TAFINLAR,AR144,absolute decrease in lvef,AR144.N1,Ejection fraction decreased,10050528,Left ventricular ejection fraction decreased,10053222,
TAFINLAR,AR145,retinal pigment epithelial detachments,AR145.N1,Detachment of retinal pigment epithelium,10052501,,,
TAFINLAR,AR146,rped,AR146.N1,Detachment of retinal pigment epithelium,10052501,,,
TAFINLAR,AR147,retinal detachments,AR147.N1,Retinal detachment,10038848,,,
TAFINLAR,AR148,uveitis,AR148.N1,Uveitis,10046851,,,
TAFINLAR,AR149,iritis,AR149.N1,Iritis,10022955,,,
TAFINLAR,AR150,fever,AR150.N1,Pyrexia,10037660,Fever,10016558,
TAFINLAR,AR151,hypotension,AR151.N1,Hypotension,10021097,,,
TAFINLAR,AR152,rigors,AR152.N1,Chills,10008531,Rigors,10039177,
TAFINLAR,AR153,syncope,AR153.N1,Syncope,10042772,,,
TAFINLAR,AR154,secondary infections of the skin,AR154.N1,Skin infection,10040872,,,
TAFINLAR,AR155,hemolytic anemia,AR155.N1,Haemolytic anaemia,10018916,Hemolytic anemia,10019493,
MULTAQ,AR1,new heart failure,AR1.N1,Cardiac failure,10007554,,,
MULTAQ,AR2,worsening heart failure,AR2.N1,Cardiac failure,10007554,Cardiac failure aggravated,10007557,
MULTAQ,AR3,liver injury,AR3.N1,Liver injury,10067125,,,
MULTAQ,AR4,pulmonary toxicity,AR4.N1,Pulmonary toxicity,10061924,,,
MULTAQ,AR5,hypokalemia,AR5.N1,Hypokalaemia,10021015,Hypokalemia,10021018,
MULTAQ,AR6,hypomagnesemia,AR6.N1,Hypomagnesaemia,10021027,Hypomagnesemia,10021028,
MULTAQ,AR7,qt prolongation,AR7.N1,Electrocardiogram QT prolonged,10014387,QT prolonged,10037705,
MULTAQ,AR8,diarrhea,AR8.N1,Diarrhoea,10012735,Diarrhea,10012727,
MULTAQ,AR9,nausea,AR9.N1,Nausea,10028813,,,
MULTAQ,AR10,abdominal pain,AR10.N1,Abdominal pain,10000081,,,
MULTAQ,AR11,vomiting,AR11.N1,Vomiting,10047700,,,
MULTAQ,AR12,asthenia,AR12.N1,Asthenia,10003549,,,
MULTAQ,AR13,gastrointestinal disorders,AR13.N1,Gastrointestinal disorder,10017944,,,
MULTAQ,AR14,dyspeptic signs and symptoms,AR14.N1,Dyspepsia,10013946,,,
MULTAQ,AR15,asthenic conditions,AR15.N1,Asthenic conditions,10003550,,,HLT
MULTAQ,AR16,bradycardia,AR16.N1,Bradycardia,10006093,,,
MULTAQ,AR17,rashes,AR17.N1,Rash,10037844,,,
MULTAQ,AR18,rashes generalized,AR18.N1,Rash generalised,10037858,Generalized rash,10049201,
MULTAQ,AR19,rashes macular,AR19.N1,Rash macular,10037867,,,
MULTAQ,AR20,rashes maculo-papular,AR20.N1,Rash maculo-papular,10037868,,,
MULTAQ,AR21,rashes erythematous,AR21.N1,Rash erythematous,10037855,,,
MULTAQ,AR22,pruritus,AR22.N1,Pruritus,10037087,,,
MULTAQ,AR23,eczema,AR23.N1,Eczema,10014184,,,
MULTAQ,AR24,dermatitis,AR24.N1,Dermatitis,10012431,,,
MULTAQ,AR25,dermatitis allergic,AR25.N1,Dermatitis allergic,10012434,,,
MULTAQ,AR26,photosensitivity reaction,AR26.N1,Photosensitivity reaction,10034972,,,
MULTAQ,AR27,dysgeusia,AR27.N1,Dysgeusia,10013911,,,
MULTAQ,AR28,increases in creatinine,AR28.N1,Blood creatinine increased,10005483,Creatinine increased,10011368,
MULTAQ,AR29,qtc prolonged,AR29.N1,Electrocardiogram QT prolonged,10014387,Electrocardiogram QTc interval prolonged,10053698,
MULTAQ,AR30,heart failure,AR30.N1,Cardiac failure,10007554,Heart failure,10019279,
MULTAQ,AR31,atrial flutter,AR31.N1,Atrial flutter,10003662,,,
MULTAQ,AR32,atrial flutter with 1:1 atrioventricular conduction,AR32.N1,Atrial flutter,10003662,Atrial flutter with 1:1 atrioventricular conduction,10076040,
MULTAQ,AR33,interstitial lung disease,AR33.N1,Interstitial lung disease,10022611,,,
MULTAQ,AR34,pneumonitis,AR34.N1,Pneumonitis,10035742,,,
MULTAQ,AR35,pulmonary fibrosis,AR35.N1,Pulmonary fibrosis,10037383,,,
MULTAQ,AR36,anaphylactic reactions,AR36.N1,Anaphylactic reaction,10002198,,,
MULTAQ,AR37,angioedema,AR37.N1,Angioedema,10002424,,,
MULTAQ,AR38,vasculitis,AR38.N1,Vasculitis,10047115,,,
MULTAQ,AR39,leukocytoclastic vasculitis,AR39.N1,Hypersensitivity vasculitis,10020764,Leukocytoclastic vasculitis,10024377,
MULTAQ,AR40,death,AR40.N1,Death,10011906,,,
MULTAQ,AR41,stroke,AR41.N1,Cerebrovascular accident,10008190,Stroke,10042244,
MULTAQ,AR42,renal impairment,AR42.N1,Renal impairment,10062237,,,
MULTAQ,AR43,teratogen,AR43.N1,Teratogenicity,10043275,,,
MULTAQ,AR44,cardiovascular death,AR44.N1,Cardiac death,10049993,,,
MULTAQ,AR45,cardiovascular death arrhythmic,AR45.N1,Cardiac death,10049993,,,
MULTAQ,AR46,heart failure events,AR46.N1,Cardiac failure,10007554,Heart failure,10019279,
MULTAQ,AR47,new onset heart failure,AR47.N1,Cardiac failure,10007554,Heart failure,10019279,
MULTAQ,AR48,worsening of heart failure,AR48.N1,Cardiac failure,10007554,Cardiac failure aggravated,10007557,
MULTAQ,AR49,hepatocellular liver injury,AR49.N1,Hepatocellular injury,10019837,,,
MULTAQ,AR50,acute liver failure,AR50.N1,Acute hepatic failure,10000804,Acute liver failure,10049844,
MULTAQ,AR51,qtc prolongation,AR51.N1,Electrocardiogram QT prolonged,10014387,Electrocardiogram QTc interval prolonged,10053698,
MULTAQ,AR52,increase in serum creatinine,AR52.N1,Blood creatinine increased,10005483,Serum creatinine increased,10040233,
MULTAQ,AR53,pre-renal azotemia,AR53.N1,Acute prerenal failure,10001017,Azotemia prerenal,10003888,
MULTAQ,AR54,acute renal failure,AR54.N1,Acute kidney injury,10069339,Acute renal failure,10001041,
MULTAQ,AR55,hypovolemia,AR55.N1,Hypovolaemia,10021137,Hypovolemia,10021139,
MULTAQ,AR56,increases in creatinine levels,AR56.N1,Blood creatinine increased,10005483,Creatinine increased,10011368,
TANZEUM,AR1,thyroid c-cell tumors,AR1.N1,Thyroid neoplasm,10043744,Thyroid tumor,10066914,
TANZEUM,AR1,thyroid c-cell tumors,AR1.N2,Thyroid C-cell hyperplasia,10070568,,,
TANZEUM,AR2,acute pancreatitis,AR2.N1,Pancreatitis acute,10033647,Acute pancreatitis,10000971,
TANZEUM,AR3,hypoglycemia,AR3.N1,Hypoglycaemia,10020993,Hypoglycemia,10021005,
TANZEUM,AR4,hypersensitivity reactions,AR4.N1,Hypersensitivity,10020751,Hypersensitivity reaction,10020756,
TANZEUM,AR5,renal impairment,AR5.N1,Renal impairment,10062237,,,
TANZEUM,AR6,upper respiratory tract infection,AR6.N1,Upper respiratory tract infection,10046306,,,
TANZEUM,AR7,diarrhea,AR7.N1,Diarrhoea,10012735,Diarrhea,10012727,
TANZEUM,AR8,nausea,AR8.N1,Nausea,10028813,,,
TANZEUM,AR9,injection site reaction,AR9.N1,Injection site reaction,10022095,,,
TANZEUM,AR10,cough,AR10.N1,Cough,10011224,,,
TANZEUM,AR11,back pain,AR11.N1,Back pain,10003988,,,
TANZEUM,AR12,arthralgia,AR12.N1,Arthralgia,10003239,,,
TANZEUM,AR13,sinusitis,AR13.N1,Sinusitis,10040753,,,
TANZEUM,AR14,influenza,AR14.N1,Influenza,10022000,,,
TANZEUM,AR15,injection site reactions,AR15.N1,Injection site reaction,10022095,,,
TANZEUM,AR16,gastrointestinal complaints,AR16.N1,Abdominal discomfort,10000059,Distress gastrointestinal,10013491,
TANZEUM,AR17,gastrointestinal adverse reactions,AR17.N1,Gastrointestinal disorder,10017944,Gastrointestinal symptom NOS,10018011,
TANZEUM,AR18,vomiting,AR18.N1,Vomiting,10047700,,,
TANZEUM,AR19,gastroesophageal reflux disease,AR19.N1,Gastrooesophageal reflux disease,10017885,Gastroesophageal reflux disease,10066874,
TANZEUM,AR20,dyspepsia,AR20.N1,Dyspepsia,10013946,,,
TANZEUM,AR21,constipation,AR21.N1,Constipation,10010774,,,
TANZEUM,AR22,gi reactions,AR22.N1,Gastrointestinal disorder,10017944,Reaction gastrointestinal,10037947,
TANZEUM,AR23,gi adverse reactions,AR23.N1,Gastrointestinal disorder,10017944,Gastrointestinal symptom NOS,10018011,
TANZEUM,AR24,injection site hematoma,AR24.N1,Injection site haematoma,10022066,Injection site hematoma,10055371,
TANZEUM,AR25,injection site erythema,AR25.N1,Injection site erythema,10022061,,,
TANZEUM,AR26,injection site rash,AR26.N1,Injection site rash,10022094,,,
TANZEUM,AR27,injection site hypersensitivity,AR27.N1,Injection site hypersensitivity,10022071,,,
TANZEUM,AR28,injection site hemorrhage,AR28.N1,Injection site haemorrhage,10022067,Injection site hemorrhage,10022068,
TANZEUM,AR29,injection site pruritus,AR29.N1,Injection site pruritus,10022093,,,
TANZEUM,AR30,hypoglycemic episode,AR30.N1,Hypoglycaemia,10020993,Hypoglycemic episode,10049635,
TANZEUM,AR31,plasma glucose concentration <=70 mg/dl,AR31.N1,Blood glucose decreased,10005555,Plasma glucose decreased,10035305,
TANZEUM,AR32,hypoglycemic symptoms,AR32.N1,Hypoglycaemia,10020993,,,
TANZEUM,AR33,pneumonia,AR33.N1,Pneumonia,10035664,,,
TANZEUM,AR34,atrial fibrillation,AR34.N1,Atrial fibrillation,10003658,,,
TANZEUM,AR35,atrial flutter,AR35.N1,Atrial flutter,10003662,,,
TANZEUM,AR36,appendicitis,AR36.N1,Appendicitis,10003011,,,
TANZEUM,AR37,alanine aminotransferase increase,AR37.N1,Alanine aminotransferase increased,10001551,Alanine aminotransferase increase,10001550,
TANZEUM,AR38,alt increase,AR38.N1,Alanine aminotransferase increased,10001551,ALT increased,10001845,
TANZEUM,AR39,elevation in alt,AR39.N1,Alanine aminotransferase increased,10001551,ALT increased,10001845,
TANZEUM,AR40,increase in total bilirubin,AR40.N1,Blood bilirubin increased,10005364,Bilirubin total increased,10056806,
TANZEUM,AR41,hepatocellular injury,AR41.N1,Hepatocellular injury,10019837,,,
TANZEUM,AR42,increased ggt,AR42.N1,Gamma-glutamyltransferase increased,10017693,GGT increased,10056910,
TANZEUM,AR43,mean heart rate higher by an average of 1 to 2 bpm,AR43.N1,Heart rate increased,10019303,,,
TANZEUM,AR44,increase in heart rate,AR44.N1,Heart rate increased,10019303,,,
TANZEUM,AR45,medullary thyroid carcinoma,AR45.N1,Medullary thyroid cancer,10027105,Medullary carcinoma of thyroid,10027101,
TANZEUM,AR46,mtc,AR46.N1,Medullary thyroid cancer,10027105,Medullary carcinoma of thyroid,10027101,
TANZEUM,AR47,pancreatitis,AR47.N1,Pancreatitis,10033645,,,
TANZEUM,AR48,hypersensitivity reaction,AR48.N1,Hypersensitivity,10020751,Hypersensitivity reaction,10020756,
TANZEUM,AR49,pruritus,AR49.N1,Pruritus,10037087,,,
TANZEUM,AR50,rash,AR50.N1,Rash,10037844,,,
TANZEUM,AR51,dyspnea,AR51.N1,Dyspnoea,10013968,Dyspnea,10013963,
TANZEUM,AR52,dehydration,AR52.N1,Dehydration,10012174,,,
TANZEUM,AR53,gastrointestinal reactions,AR53.N1,Gastrointestinal disorder,10017944,Reaction gastrointestinal,10037947,
TANZEUM,AR54,renal function declined,AR54.N1,Renal impairment,10062237,Function kidney decreased,10017474,
BELEODAQ,AR1,hematologic toxicity,AR1.N1,Haematotoxicity,10061188,Hematotoxicity,10061196,
BELEODAQ,AR2,infection,AR2.N1,Infection,10021789,,,
BELEODAQ,AR3,hepatotoxicity,AR3.N1,Hepatotoxicity,10019851,,,
BELEODAQ,AR4,tumor lysis syndrome,AR4.N1,Tumour lysis syndrome,10045170,Tumor lysis syndrome,10045152,
BELEODAQ,AR5,gastrointestinal toxicity,AR5.N1,Gastrointestinal toxicity,10059024,,,
BELEODAQ,AR6,nausea,AR6.N1,Nausea,10028813,,,
BELEODAQ,AR7,fatigue,AR7.N1,Fatigue,10016256,,,
BELEODAQ,AR8,pyrexia,AR8.N1,Pyrexia,10037660,,,
BELEODAQ,AR9,anemia,AR9.N1,Anaemia,10002034,Anemia,10002272,
BELEODAQ,AR10,vomiting,AR10.N1,Vomiting,10047700,,,
BELEODAQ,AR11,constipation,AR11.N1,Constipation,10010774,,,
BELEODAQ,AR12,diarrhea,AR12.N1,Diarrhoea,10012735,Diarrhea,10012727,
BELEODAQ,AR13,dyspnea,AR13.N1,Dyspnoea,10013968,Dyspnea,10013963,
BELEODAQ,AR14,rash,AR14.N1,Rash,10037844,,,
BELEODAQ,AR15,peripheral edema,AR15.N1,Oedema peripheral,10030124,Peripheral edema,10034570,
BELEODAQ,AR16,cough,AR16.N1,Cough,10011224,,,
BELEODAQ,AR17,thrombocytopenia,AR17.N1,Thrombocytopenia,10043554,,,
BELEODAQ,AR18,pruritus,AR18.N1,Pruritus,10037087,,,
BELEODAQ,AR19,chills,AR19.N1,Chills,10008531,,,
BELEODAQ,AR20,increased blood lactate dehydrogenase,AR20.N1,Blood lactate dehydrogenase increased,10005630,,,
BELEODAQ,AR21,decreased appetite,AR21.N1,Decreased appetite,10061428,,,
BELEODAQ,AR22,headache,AR22.N1,Headache,10019211,,,
BELEODAQ,AR23,infusion site pain,AR23.N1,Infusion site pain,10053483,,,
BELEODAQ,AR24,hypokalemia,AR24.N1,Hypokalaemia,10021015,Hypokalemia,10021018,
BELEODAQ,AR25,prolonged qt,AR25.N1,Electrocardiogram QT prolonged,10014387,QT prolonged,10037705,
BELEODAQ,AR26,abdominal pain,AR26.N1,Abdominal pain,10000081,,,
BELEODAQ,AR27,hypotension,AR27.N1,Hypotension,10021097,,,
BELEODAQ,AR28,phlebitis,AR28.N1,Phlebitis,10034879,,,
BELEODAQ,AR29,dizziness,AR29.N1,Dizziness,10013573,,,
BELEODAQ,AR30,pneumonia,AR30.N1,Pneumonia,10035664,,,
BELEODAQ,AR31,increased creatinine,AR31.N1,Blood creatinine increased,10005483,Creatinine increased,10011368,
BELEODAQ,AR32,multi-organ failure,AR32.N1,Multi-organ failure,10028154,,,
BELEODAQ,AR33,death,AR33.N1,Death,10011906,,,
BELEODAQ,AR34,hepatic failure,AR34.N1,Hepatic failure,10019663,,,
BELEODAQ,AR35,died,AR35.N1,Death,10011906,,,
BELEODAQ,AR36,ventricular fibrillation,AR36.N1,Ventricular fibrillation,10047290,,,
BELEODAQ,AR37,febrile neutropenia,AR37.N1,Febrile neutropenia,10016288,,,
BELEODAQ,AR38,leukopenia,AR38.N1,Leukopenia,10024384,,,
BELEODAQ,AR39,neutropenia,AR39.N1,Neutropenia,10029354,,,
BELEODAQ,AR40,lymphopenia,AR40.N1,Lymphopenia,10025327,,,
BELEODAQ,AR41,fatal,AR41.N1,Death,10011906,,,
BELEODAQ,AR42,infections,AR42.N1,Infection,10021789,,,
BELEODAQ,AR43,sepsis,AR43.N1,Sepsis,10040047,,,
BELEODAQ,AR44,hepatic toxicity,AR44.N1,Hepatotoxicity,10019851,,,
BELEODAQ,AR45,liver function test abnormalities,AR45.N1,Liver function test abnormal,10024690,Liver function tests multiple abnorm,10024694,
BELEODAQ,AR46,embryo-fetal toxicity,AR46.N1,Maternal drugs affecting foetus,10026923,Drug toxicity NEC affecting foetus,10013750,
BELEODAQ,AR47,fetal harm,AR47.N1,Foetal damage,10016852,Fetal damage,10054743,
BELEODAQ,AR48,teratogenicity,AR48.N1,Teratogenicity,10043275,,,
BELEODAQ,AR49,embryo-fetal lethality,AR49.N1,Foetal death,10055690,Fetal death,10016479,
BELEODAQ,AR50,genotoxic,AR50.N1,,,,,unmapped
HALAVEN,AR1,neutropenia,AR1.N1,Neutropenia,10029354,,,
HALAVEN,AR2,anemia,AR2.N1,Anaemia,10002034,Anemia,10002272,
HALAVEN,AR3,asthenia,AR3.N1,Asthenia,10003549,,,
HALAVEN,AR4,fatigue,AR4.N1,Fatigue,10016256,,,
HALAVEN,AR5,alopecia,AR5.N1,Alopecia,10001760,,,
HALAVEN,AR6,peripheral neuropathy,AR6.N1,Neuropathy peripheral,10029331,,,
HALAVEN,AR7,nausea,AR7.N1,Nausea,10028813,,,
HALAVEN,AR8,constipation,AR8.N1,Constipation,10010774,,,
HALAVEN,AR9,qt interval prolongation,AR9.N1,Electrocardiogram QT prolonged,10014387,QT interval prolonged,10037703,
HALAVEN,AR10,febrile neutropenia,AR10.N1,Febrile neutropenia,10016288,,,
HALAVEN,AR11,headache,AR11.N1,Headache,10019211,,,
HALAVEN,AR12,mucosal inflammation,AR12.N1,Mucosal inflammation,10028116,,,
HALAVEN,AR13,pyrexia,AR13.N1,Pyrexia,10037660,,,
HALAVEN,AR14,diarrhea,AR14.N1,Diarrhoea,10012735,Diarrhea,10012727,
HALAVEN,AR15,vomiting,AR15.N1,Vomiting,10047700,,,
HALAVEN,AR16,arthralgia,AR16.N1,Arthralgia,10003239,,,
HALAVEN,AR17,myalgia,AR17.N1,Myalgia,10028411,,,
HALAVEN,AR18,back pain,AR18.N1,Back pain,10003988,,,
HALAVEN,AR19,bone pain,AR19.N1,Bone pain,10006002,,,
HALAVEN,AR20,pain in extremity,AR20.N1,Pain in extremity,10033425,,,
HALAVEN,AR21,weight decreased,AR21.N1,Weight decreased,10047895,,,
HALAVEN,AR22,anorexia,AR22.N1,Decreased appetite,10061428,Anorexia,10002646,
HALAVEN,AR23,cough,AR23.N1,Cough,10011224,,,
HALAVEN,AR24,dyspnea,AR24.N1,Dyspnoea,10013968,Dyspnea,10013963,
HALAVEN,AR25,urinary tract infection,AR25.N1,Urinary tract infection,10046571,,,
HALAVEN,AR26,neuropathy peripheral,AR26.N1,Neuropathy peripheral,10029331,,,
HALAVEN,AR27,neuropathy,AR27.N1,Neuropathy peripheral,10029331,Neuropathy,10029328,
HALAVEN,AR28,peripheral motor neuropathy,AR28.N1,Peripheral motor neuropathy,10034580,,,
HALAVEN,AR29,polyneuropathy,AR29.N1,Polyneuropathy,10036105,,,
HALAVEN,AR30,peripheral sensoryneuropathy,AR30.N1,Peripheral sensory neuropathy,10034620,,,
HALAVEN,AR31,paraesthesia,AR31.N1,Paraesthesia,10033775,,,
HALAVEN,AR32,died,AR32.N1,Death,10011906,,,
HALAVEN,AR33,thrombocytopenia,AR33.N1,Thrombocytopenia,10043554,,,
HALAVEN,AR34,alt elevation,AR34.N1,Alanine aminotransferase increased,10001551,ALT increased,10001845,
HALAVEN,AR35,elevations in bilirubin,AR35.N1,Blood bilirubin increased,10005364,Bilirubin elevated,10004688,
HALAVEN,AR36,elevations in alt,AR36.N1,Alanine aminotransferase increased,10001551,ALT increased,10001845,
HALAVEN,AR37,increased lacrimation,AR37.N1,Lacrimation increased,10023644,,,
HALAVEN,AR38,dyspepsia,AR38.N1,Dyspepsia,10013946,,,
HALAVEN,AR39,abdominal pain,AR39.N1,Abdominal pain,10000081,,,
HALAVEN,AR40,stomatitis,AR40.N1,Stomatitis,10042128,,,
HALAVEN,AR41,dry mouth,AR41.N1,Dry mouth,10013781,,,
HALAVEN,AR42,peripheral edema,AR42.N1,Oedema peripheral,10030124,Peripheral edema,10034570,
HALAVEN,AR43,upper respiratory tract infection,AR43.N1,Upper respiratory tract infection,10046306,,,
HALAVEN,AR44,hypokalemia,AR44.N1,Hypokalaemia,10021015,Hypokalemia,10021018,
HALAVEN,AR45,muscle spasms,AR45.N1,Muscle spasms,10028334,,,
HALAVEN,AR46,muscular weakness,AR46.N1,Muscular weakness,10028372,,,
HALAVEN,AR47,dysgeusia,AR47.N1,Dysgeusia,10013911,,,
HALAVEN,AR48,dizziness,AR48.N1,Dizziness,10013573,,,
HALAVEN,AR49,insomnia,AR49.N1,Insomnia,10022437,,,
HALAVEN,AR50,depression,AR50.N1,Depression,10012378,,,
HALAVEN,AR51,rash,AR51.N1,Rash,10037844,,,
HALAVEN,AR52,lymphopenia,AR52.N1,Lymphopenia,10025327,,,
HALAVEN,AR53,pancreatitis,AR53.N1,Pancreatitis,10033645,,,
HALAVEN,AR54,hepatotoxicity,AR54.N1,Hepatotoxicity,10019851,,,
HALAVEN,AR55,hypersensitivity,AR55.N1,Hypersensitivity,10020751,,,
HALAVEN,AR56,pneumonia,AR56.N1,Pneumonia,10035664,,,
HALAVEN,AR57,sepsis,AR57.N1,Sepsis,10040047,,,
HALAVEN,AR58,neutropenic sepsis,AR58.N1,Neutropenic sepsis,10049151,,,
HALAVEN,AR59,hypomagnesemia,AR59.N1,Hypomagnesaemia,10021027,Hypomagnesemia,10021028,
HALAVEN,AR60,dehydration,AR60.N1,Dehydration,10012174,,,
HALAVEN,AR61,interstitial lung disease,AR61.N1,Interstitial lung disease,10022611,,,
HALAVEN,AR62,pruritus,AR62.N1,Pruritus,10037087,,,
HALAVEN,AR63,embryo-fetal toxicity,AR63.N1,Maternal drugs affecting foetus,10026923,Drug toxicity NEC affecting foetus,10013750,
HALAVEN,AR64,fetal harm,AR64.N1,Foetal damage,10016852,Fetal damage,10054743,
HALAVEN,AR65,qt prolongation,AR65.N1,Electrocardiogram QT prolonged,10014387,QT prolonged,10037705,
XIAFLEX,AR1,tendon ruptures,AR1.N1,Tendon rupture,10043248,,,
XIAFLEX,AR2,injury to the injected extremity,AR2.N1,Limb injury,10061225,,,
XIAFLEX,AR2,injury to the injected extremity,AR2.N2,Injection site injury,10066083,,,
XIAFLEX,AR3,corporal rupture,AR3.N1,Fracture of penis,10052530,,,
XIAFLEX,AR4,penile fracture,AR4.N1,Fracture of penis,10052530,,,
XIAFLEX,AR5,penile hematoma,AR5.N1,Penile haematoma,10070656,Penile hematoma,10070663,
XIAFLEX,AR6,penile ecchymoses,AR6.N1,Penile haemorrhage,10034305,Penile ecchymosis,10070657,
XIAFLEX,AR7,penile detumescence,AR7.N1,Erectile dysfunction,10061461,Inability to maintain erection,10021573,
XIAFLEX,AR8,"penile ""popping"" sound",AR8.N1,Penis disorder,10034336,Penile popping sensation,10074968,
XIAFLEX,AR9,"penile ""popping"" sensation",AR9.N1,Penis disorder,10034336,Penile popping sensation,10074968,
XIAFLEX,AR10,edema peripheral,AR10.N1,Oedema peripheral,10030124,Edema peripheral,10014251,
XIAFLEX,AR11,swelling of the injected hand,AR11.N1,Injection site swelling,10053425,Swelling of injection site,10042696,
XIAFLEX,AR11,swelling of the injected hand,AR11.N2,Peripheral swelling,10048959,Swelling of hands,10042695,
XIAFLEX,AR12,contusion,AR12.N1,Contusion,10050584,,,
XIAFLEX,AR13,injection site hemorrhage,AR13.N1,Injection site haemorrhage,10022067,Injection site hemorrhage,10022068,
XIAFLEX,AR14,injection site reaction,AR14.N1,Injection site reaction,10022095,,,
XIAFLEX,AR15,pain in the injected extremity,AR15.N1,Pain in extremity,10033425,,,
XIAFLEX,AR15,pain in the injected extremity,AR15.N2,Injection site pain,10022086,,,
XIAFLEX,AR16,penile swelling,AR16.N1,Penile swelling,10034319,,,
XIAFLEX,AR17,penile pain,AR17.N1,Penile pain,10034310,,,
XIAFLEX,AR18,flexor tendon rupture of the finger,AR18.N1,Tendon rupture,10043248,Nontraumatic rupture of flexor tendons of hand and wrist,10029738,
XIAFLEX,AR19,adverse reaction of the injected extremity,AR19.N1,Injection related reaction,10071152,,,
XIAFLEX,AR20,pruritus,AR20.N1,Pruritus,10037087,,,
XIAFLEX,AR21,pain in the treated extremity,AR21.N1,Pain in extremity,10033425,,,
XIAFLEX,AR21,pain in the treated extremity,AR21.N2,Administration site pain,10058049,,,
XIAFLEX,AR22,ecchymosis,AR22.N1,Ecchymosis,10014080,,,
XIAFLEX,AR23,injection site erythema,AR23.N1,Injection site erythema,10022061,,,
XIAFLEX,AR24,injection site inflammation,AR24.N1,Injection site inflammation,10022078,,,
XIAFLEX,AR25,injection site irritation,AR25.N1,Injection site irritation,10022079,,,
XIAFLEX,AR26,injection site pain,AR26.N1,Injection site pain,10022086,,,
XIAFLEX,AR27,injection site warmth,AR27.N1,Injection site warmth,10022112,,,
XIAFLEX,AR28,injection site swelling,AR28.N1,Injection site swelling,10053425,,,
XIAFLEX,AR29,injection site edema,AR29.N1,Injection site oedema,10022085,Injection site edema,10022058,
XIAFLEX,AR30,injection site pruritus,AR30.N1,Injection site pruritus,10022093,,,
XIAFLEX,AR31,lymphadenopathy,AR31.N1,Lymphadenopathy,10025197,,,
XIAFLEX,AR32,axillary mass,AR32.N1,Axillary mass,10049021,,,
XIAFLEX,AR33,pain in extremity,AR33.N1,Pain in extremity,10033425,,,
XIAFLEX,AR34,tenderness,AR34.N1,Tenderness,10043224,,,
XIAFLEX,AR35,skin laceration,AR35.N1,Laceration,10023572,Skin laceration,10058818,
XIAFLEX,AR36,lymph node pain,AR36.N1,Lymph node pain,10025182,,,
XIAFLEX,AR37,erythema,AR37.N1,Erythema,10015150,,,
XIAFLEX,AR38,axillary pain,AR38.N1,Axillary pain,10048750,,,
XIAFLEX,AR39,vasovagal syncope,AR39.N1,Syncope,10042772,Syncope vasovagal,10042777,
XIAFLEX,AR40,tendon rupture of the finger,AR40.N1,Ligament rupture,10065433,Finger tendon pulley rupture,10074965,
XIAFLEX,AR41,laceration,AR41.N1,Laceration,10023572,,,
XIAFLEX,AR42,blood blister,AR42.N1,Blood blister,10005372,,,
XIAFLEX,AR43,injection site hematoma,AR43.N1,Injection site haematoma,10022066,Injection site hematoma,10055371,
XIAFLEX,AR44,adverse reactions of the penis,AR44.N1,Penis disorder,10034336,,,
XIAFLEX,AR45,adverse reactions of the groin,AR45.N1,,,,,unmapped
XIAFLEX,AR46,penile bruising,AR46.N1,Penile contusion,10073352,Penile bruise,10070661,
XIAFLEX,AR47,injection site bruising,AR47.N1,Injection site bruising,10022052,,,
XIAFLEX,AR48,penile edema,AR48.N1,Penile oedema,10066774,Penile edema,10066853,
XIAFLEX,AR49,local swelling,AR49.N1,Local swelling,10024770,,,
XIAFLEX,AR50,scrotal swelling,AR50.N1,Scrotal swelling,10039759,,,
XIAFLEX,AR51,injection site discomfort,AR51.N1,Injection site discomfort,10054266,,,
XIAFLEX,AR52,ecchymoses,AR52.N1,Ecchymosis,10014080,Ecchymoses,10014079,
XIAFLEX,AR53,penile hemorrhage,AR53.N1,Penile haemorrhage,10034305,Penile hemorrhage,10055314,
XIAFLEX,AR54,penile blister,AR54.N1,Penile blister,10052898,,,
XIAFLEX,AR55,pruritus genital,AR55.N1,Pruritus genital,10037093,,,
XIAFLEX,AR56,painful erection,AR56.N1,Painful erection,10056303,,,
XIAFLEX,AR57,erectile dysfunction,AR57.N1,Erectile dysfunction,10061461,,,
XIAFLEX,AR58,skin discoloration,AR58.N1,Skin discolouration,10040829,Skin discoloration,10040828,
XIAFLEX,AR59,procedural pain,AR59.N1,Procedural pain,10064882,,,
XIAFLEX,AR60,injection site vesicles,AR60.N1,Injection site vesicles,10022111,,,
XIAFLEX,AR61,localized edema,AR61.N1,Localised oedema,10048961,Localized edema,10062466,
XIAFLEX,AR62,dyspareunia,AR62.N1,Dyspareunia,10013941,,,
XIAFLEX,AR63,nodule,AR63.N1,Nodule,10054107,,,
XIAFLEX,AR64,suprapubic pain,AR64.N1,Suprapubic pain,10050822,,,
XIAFLEX,AR65,popping noise in the penis,AR65.N1,,,,,unmapped
XIAFLEX,AR66,popping sensation in the penis,AR66.N1,Penis disorder,10034336,Penile popping sensation,10074968,
XIAFLEX,AR67,penis snapping,AR67.N1,Penis disorder,10034336,Penile popping sensation,10074968,
XIAFLEX,AR68,penis cracking,AR68.N1,Penis disorder,10034336,Penile popping sensation,10074968,
XIAFLEX,AR69,detumescence,AR69.N1,Erectile dysfunction,10061461,Inability to maintain erection,10021573,
XIAFLEX,AR70,hematoma,AR70.N1,Haematoma,10018852,Hematoma,10019428,
XIAFLEX,AR71,pain,AR71.N1,Pain,10033371,,,
XIAFLEX,AR72,penile injury,AR72.N1,Penis injury,10068036,,,
XIAFLEX,AR73,tendon rupture,AR73.N1,Tendon rupture,10043248,,,
XIAFLEX,AR74,injury to the injected finger,AR74.N1,Limb injury,10061225,Injury to finger NOS,10022193,
XIAFLEX,AR74,injury to the injected finger,AR74.N2,Injection site injury,10066083,,,
XIAFLEX,AR75,injury to the injected hand,AR75.N1,Limb injury,10061225,Injury to hand NOS,10022198,
XIAFLEX,AR75,injury to the injected hand,AR75.N2,Injection site injury,10066083,,,
XIAFLEX,AR76,injury to the penis,AR76.N1,Penis injury,10068036,,,
XIAFLEX,AR77,permanent injury,AR77.N1,Injury,10022116,Permanent injury,10076940,
XIAFLEX,AR78,hypersensitivity reactions,AR78.N1,Hypersensitivity,10020751,Hypersensitivity reaction,10020756,
XIAFLEX,AR79,anaphylaxis,AR79.N1,Anaphylactic reaction,10002198,Anaphylaxis,10002218,
XIAFLEX,AR80,flexor tendon ruptures,AR80.N1,Tendon rupture,10043248,,,underspecified
XIAFLEX,AR81,collagen-containing structures damage,AR81.N1,,,,,unmapped
XIAFLEX,AR82,tendons of the hand damage,AR82.N1,Tendon injury,10043242,Hand tendon injury,10019122,
XIAFLEX,AR83,ligaments of the hand damage,AR83.N1,Limb injury,10061225,Injury to hand NOS,10022198,
XIAFLEX,AR83,ligaments of the hand damage,AR83.N2,Ligament injury,10061223,,,
XIAFLEX,AR84,ligament damage,AR84.N1,Ligament injury,10061223,,,
XIAFLEX,AR85,pulley rupture,AR85.N1,Ligament rupture,10065433,,,
XIAFLEX,AR86,ligament injury,AR86.N1,Ligament injury,10061223,,,
XIAFLEX,AR87,complex regional pain syndrome,AR87.N1,Complex regional pain syndrome,10064332,,,
XIAFLEX,AR88,crps,AR88.N1,Complex regional pain syndrome,10064332,,,
XIAFLEX,AR89,sensory abnormality of the hand,AR89.N1,Sensory level abnormal,10061567,,,
XIAFLEX,AR90,skin tear,AR90.N1,Laceration,10023572,Skin tear,10048704,
XIAFLEX,AR91,corpora cavernosa of the penis damage,AR91.N1,Penis injury,10068036,,,underspecified
XIAFLEX,AR92,allergic reactions,AR92.N1,Hypersensitivity,10020751,Allergic reaction,10001718,
XIAFLEX,AR93,localized pruritus,AR93.N1,Pruritus,10037087,,,
XIAFLEX,AR94,penile ecchymosis,AR94.N1,Penile haemorrhage,10034305,Penile ecchymosis,10070657,
CIMZIA,AR1,upper respiratory tract infection,AR1.N1,Upper respiratory tract infection,10046306,,,
CIMZIA,AR2,rash,AR2.N1,Rash,10037844,,,
CIMZIA,AR3,urinary tract infection,AR3.N1,Urinary tract infection,10046571,,,
CIMZIA,AR4,infections,AR4.N1,Infection,10021789,,,
CIMZIA,AR5,malignancies,AR5.N1,Neoplasm malignant,10028997,,,
CIMZIA,AR6,heart failure,AR6.N1,Cardiac failure,10007554,Heart failure,10019279,
CIMZIA,AR7,upper respiratory infections,AR7.N1,Upper respiratory tract infection,10046306,Upper respiratory infection,10046300,
CIMZIA,AR8,urinary tract infections,AR8.N1,Urinary tract infection,10046571,,,
CIMZIA,AR9,abdominal pain,AR9.N1,Abdominal pain,10000081,,,
CIMZIA,AR10,diarrhea,AR10.N1,Diarrhoea,10012735,Diarrhea,10012727,
CIMZIA,AR11,intestinal obstruction,AR11.N1,Intestinal obstruction,10022687,,,
CIMZIA,AR12,tuberculosis infections,AR12.N1,Tuberculosis,10044755,Infection tuberculosis,10021870,
CIMZIA,AR13,pyrexia,AR13.N1,Pyrexia,10037660,,,
CIMZIA,AR14,urticaria,AR14.N1,Urticaria,10046735,,,
CIMZIA,AR15,pneumonia,AR15.N1,Pneumonia,10035664,,,
CIMZIA,AR16,nasopharyngitis,AR16.N1,Nasopharyngitis,10028810,,,
CIMZIA,AR17,laryngitis,AR17.N1,Laryngitis,10023874,,,
CIMZIA,AR18,viral infection,AR18.N1,Viral infection,10047461,,,
CIMZIA,AR19,bladder infection,AR19.N1,Cystitis,10011781,Bladder infection,10005047,
CIMZIA,AR20,bacteriuria,AR20.N1,Bacteriuria,10004056,,,
CIMZIA,AR21,cystitis,AR21.N1,Cystitis,10011781,,,
CIMZIA,AR22,arthralgia,AR22.N1,Arthralgia,10003239,,,
CIMZIA,AR23,anemia,AR23.N1,Anaemia,10002034,Anemia,10002272,
CIMZIA,AR24,leukopenia,AR24.N1,Leukopenia,10024384,,,
CIMZIA,AR25,lymphadenopathy,AR25.N1,Lymphadenopathy,10025197,,,
CIMZIA,AR26,pancytopenia,AR26.N1,Pancytopenia,10033661,,,
CIMZIA,AR27,thrombophilia,AR27.N1,Hypercoagulation,10020608,Thrombophilia,10057396,
CIMZIA,AR28,angina pectoris,AR28.N1,Angina pectoris,10002383,,,
CIMZIA,AR29,arrhythmias,AR29.N1,Arrhythmia,10003119,,,
CIMZIA,AR30,atrial fibrillation,AR30.N1,Atrial fibrillation,10003658,,,
CIMZIA,AR31,cardiac failure,AR31.N1,Cardiac failure,10007554,,,
CIMZIA,AR32,hypertensive heart disease,AR32.N1,Hypertensive heart disease,10020823,,,
CIMZIA,AR33,myocardial infarction,AR33.N1,Myocardial infarction,10028596,,,
CIMZIA,AR34,myocardial ischemia,AR34.N1,Myocardial ischaemia,10028600,Myocardial ischemia,10028601,
CIMZIA,AR35,pericardial effusion,AR35.N1,Pericardial effusion,10034474,,,
CIMZIA,AR36,pericarditis,AR36.N1,Pericarditis,10034484,,,
CIMZIA,AR37,stroke,AR37.N1,Cerebrovascular accident,10008190,Stroke,10042244,
CIMZIA,AR38,transient ischemic attack,AR38.N1,Transient ischaemic attack,10044390,Transient ischemic attack,10072760,
CIMZIA,AR39,optic neuritis,AR39.N1,Optic neuritis,10030942,,,
CIMZIA,AR40,retinal hemorrhage,AR40.N1,Retinal haemorrhage,10038867,Retinal hemorrhage,10038870,
CIMZIA,AR41,uveitis,AR41.N1,Uveitis,10046851,,,
CIMZIA,AR42,bleeding,AR42.N1,Haemorrhage,10055798,Bleeding,10005103,
CIMZIA,AR43,injection site reactions,AR43.N1,Injection site reaction,10022095,,,
CIMZIA,AR44,elevated liver enzymes,AR44.N1,Hepatic enzyme increased,10060795,Elevated liver enzymes,10014481,
CIMZIA,AR45,hepatitis,AR45.N1,Hepatitis,10019717,,,
CIMZIA,AR46,alopecia totalis,AR46.N1,Alopecia totalis,10001766,,,
CIMZIA,AR47,anxiety,AR47.N1,Anxiety,10002855,,,
CIMZIA,AR48,bipolar disorder,AR48.N1,Bipolar disorder,10057667,,,
CIMZIA,AR49,suicide attempt,AR49.N1,Suicide attempt,10042464,,,
CIMZIA,AR50,nephrotic syndrome,AR50.N1,Nephrotic syndrome,10029164,,,
CIMZIA,AR51,renal failure,AR51.N1,Renal failure,10038435,,,
CIMZIA,AR52,menstrual disorder,AR52.N1,Menstrual disorder,10027327,,,
CIMZIA,AR53,dermatitis,AR53.N1,Dermatitis,10012431,,,
CIMZIA,AR54,erythema nodosum,AR54.N1,Erythema nodosum,10015226,,,
CIMZIA,AR55,thrombophlebitis,AR55.N1,Thrombophlebitis,10043570,,,
CIMZIA,AR56,vasculitis,AR56.N1,Vasculitis,10047115,,,
CIMZIA,AR57,headache,AR57.N1,Headache,10019211,,,
CIMZIA,AR58,hypertension,AR58.N1,Hypertension,10020772,,,
CIMZIA,AR59,back pain,AR59.N1,Back pain,10003988,,,
CIMZIA,AR60,pharyngitis,AR60.N1,Pharyngitis,10034835,,,
CIMZIA,AR61,acute bronchitis,AR61.N1,Bronchitis,10006451,Acute bronchitis,10000687,
CIMZIA,AR62,fatigue,AR62.N1,Fatigue,10016256,,,
CIMZIA,AR63,hypertensive adverse reactions,AR63.N1,Hypertension,10020772,Hypertensive episode,10020804,
CIMZIA,AR64,bacterial infections,AR64.N1,Bacterial infection,10060945,,,
CIMZIA,AR65,viral infections,AR65.N1,Viral infection,10047461,,,
CIMZIA,AR66,pyelonephritis,AR66.N1,Pyelonephritis,10037596,,,
CIMZIA,AR67,upper respiratory tract infections,AR67.N1,Upper respiratory tract infection,10046306,,,
CIMZIA,AR68,herpes infections,AR68.N1,Herpes virus infection,10019973,Herpes infection,10019941,
CIMZIA,AR69,lower respiratory tract infections,AR69.N1,Lower respiratory tract infection,10024968,,,
CIMZIA,AR70,infection,AR70.N1,Infection,10021789,,,
CIMZIA,AR71,tuberculosis,AR71.N1,Tuberculosis,10044755,,,
CIMZIA,AR72,cellulitis,AR72.N1,Cellulitis,10007882,,,
CIMZIA,AR73,tb,AR73.N1,Tuberculosis,10044755,TB,10043148,
CIMZIA,AR74,miliary tb,AR74.N1,Disseminated tuberculosis,10013453,Miliary TB,10027629,
CIMZIA,AR75,lymphatic tb,AR75.N1,Lymph node tuberculosis,10025183,,,
CIMZIA,AR76,peritoneal tb,AR76.N1,Peritoneal tuberculosis,10053583,,,
CIMZIA,AR77,pulmonary tb,AR77.N1,Pulmonary tuberculosis,10037440,Pulmonary TB,10037435,
CIMZIA,AR78,fatal,AR78.N1,Death,10011906,,,
CIMZIA,AR79,opportunistic infections,AR79.N1,Opportunistic infection,10030901,,,
CIMZIA,AR80,new heart failure,AR80.N1,Cardiac failure,10007554,,,
CIMZIA,AR81,worsening heart failure,AR81.N1,Cardiac failure,10007554,Cardiac failure aggravated,10007557,
CIMZIA,AR82,ana titers positive,AR82.N1,Antinuclear antibody positive,10060055,ANA positive,10060060,
CIMZIA,AR83,lupus-like syndrome,AR83.N1,Lupus-like syndrome,10050551,,,
CIMZIA,AR84,ana,AR84.N1,Antinuclear antibody positive,10060055,ANA positive,10060060,
CIMZIA,AR85,edema peripheral,AR85.N1,Oedema peripheral,10030124,Edema peripheral,10014251,
CIMZIA,AR86,injection site erythema,AR86.N1,Injection site erythema,10022061,,,
CIMZIA,AR87,injection site pain,AR87.N1,Injection site pain,10022086,,,
CIMZIA,AR88,pain in extremity,AR88.N1,Pain in extremity,10033425,,,
CIMZIA,AR89,hypersensitivity reactions,AR89.N1,Hypersensitivity,10020751,Hypersensitivity reaction,10020756,
CIMZIA,AR90,angioedema,AR90.N1,Angioedema,10002424,,,
CIMZIA,AR91,dermatitis allergic,AR91.N1,Dermatitis allergic,10012434,,,
CIMZIA,AR92,dizziness postural,AR92.N1,Dizziness postural,10013578,,,
CIMZIA,AR93,dyspnea,AR93.N1,Dyspnoea,10013968,Dyspnea,10013963,
CIMZIA,AR94,hot flush,AR94.N1,Hot flush,10060800,,,
CIMZIA,AR95,hypotension,AR95.N1,Hypotension,10021097,,,
CIMZIA,AR96,malaise,AR96.N1,Malaise,10025482,,,
CIMZIA,AR97,serum sickness,AR97.N1,Serum sickness,10040400,,,
CIMZIA,AR98,vasovagal syncope,AR98.N1,Syncope,10042772,Syncope vasovagal,10042777,
CIMZIA,AR99,sarcoidosis,AR99.N1,Sarcoidosis,10039486,,,
CIMZIA,AR100,malignancy,AR100.N1,Neoplasm malignant,10028997,,,
CIMZIA,AR101,death,AR101.N1,Death,10011906,,,
CIMZIA,AR102,active tuberculosis,AR102.N1,Tuberculosis,10044755,Active tuberculosis,10071157,
CIMZIA,AR103,reactivation of latent tuberculosis,AR103.N1,Tuberculosis,10044755,Tuberculosis reactivated,10045025,
CIMZIA,AR104,tuberculosis disseminated,AR104.N1,Disseminated tuberculosis,10013453,,,
CIMZIA,AR105,tuberculosis extrapulmonary,AR105.N1,Extrapulmonary tuberculosis,10064445,,,
CIMZIA,AR106,invasive fungal infections,AR106.N1,Systemic mycosis,10052366,Invasive mycosis,10062642,
CIMZIA,AR107,histoplasmosis,AR107.N1,Histoplasmosis,10020141,,,
CIMZIA,AR108,coccidioidomycosis,AR108.N1,Coccidioidomycosis,10009825,,,
CIMZIA,AR109,candidiasis,AR109.N1,Candida infection,10074170,Candidiasis,10007152,
CIMZIA,AR110,aspergillosis,AR110.N1,Aspergillus infection,10074171,Aspergillosis,10003488,
CIMZIA,AR111,blastomycosis,AR111.N1,Blastomycosis,10005098,,,
CIMZIA,AR112,pneumocystosis,AR112.N1,Pneumocystis jirovecii pneumonia,10073755,Pneumocystosis,10035662,
CIMZIA,AR113,histoplasmosis disseminated,AR113.N1,Histoplasmosis disseminated,10020144,,,
CIMZIA,AR114,invasive fungal infections disseminated,AR114.N1,Systemic mycosis,10052366,Invasive mycosis,10062642,
CIMZIA,AR115,infections legionella,AR115.N1,Legionella infection,10061266,,,
CIMZIA,AR116,infections listeria,AR116.N1,Listeriosis,10024641,Listeria infection,10024638,
CIMZIA,AR117,bacterial sepsis,AR117.N1,Bacterial sepsis,10053840,,,
CIMZIA,AR118,infections due to other opportunistic pathogens,AR118.N1,Opportunistic infection,10030901,,,
CIMZIA,AR119,"heart failure, worsening",AR119.N1,Cardiac failure,10007554,Cardiac failure aggravated,10007557,
CIMZIA,AR120,heart failure new onset,AR120.N1,Cardiac failure,10007554,,,
CIMZIA,AR121,anaphylaxis,AR121.N1,Anaphylactic reaction,10002198,Anaphylaxis,10002218,
CIMZIA,AR122,allergic reactions,AR122.N1,Hypersensitivity,10020751,Allergic reaction,10001718,
CIMZIA,AR123,hepatitis b virus reactivation,AR123.N1,Hepatitis B,10019731,Hepatitis B reactivation,10058827,
CIMZIA,AR124,demyelinating disease,AR124.N1,Demyelination,10012305,Demyelination disorder NOS,10048425,
CIMZIA,AR125,cytopenias,AR125.N1,Cytopenia,10066274,,,
CIMZIA,AR126,reactivation of tuberculosis,AR126.N1,Tuberculosis,10044755,Tuberculosis reactivated,10045025,
CIMZIA,AR127,lymphomas,AR127.N1,Lymphoma,10025310,,,
CIMZIA,AR128,hodgkin lymphoma,AR128.N1,Hodgkin's disease,10020206,Hodgkin's lymphoma,10020328,
CIMZIA,AR129,non-hodgkin's lymphoma,AR129.N1,Non-Hodgkin's lymphoma,10029547,,,
CIMZIA,AR130,rare malignancies,AR130.N1,Neoplasm malignant,10028997,,,
CIMZIA,AR131,lymphoma,AR131.N1,Lymphoma,10025310,,,
CIMZIA,AR132,hepatosplenic t-cell lymphoma,AR132.N1,Hepatosplenic T-cell lymphoma,10066957,,,
CIMZIA,AR133,hstcl,AR133.N1,Hepatosplenic T-cell lymphoma,10066957,,,
CIMZIA,AR134,worsening congestive heart failure,AR134.N1,Cardiac failure congestive,10007559,Congestive cardiac failure aggravated,10048565,
CIMZIA,AR135,worsening chf,AR135.N1,Cardiac failure congestive,10007559,Congestive cardiac failure aggravated,10048565,
CIMZIA,AR136,new onset chf,AR136.N1,Cardiac failure congestive,10007559,CHF,10008502,
CIMZIA,AR137,reactivation of hepatitis b virus,AR137.N1,Hepatitis B,10019731,Hepatitis B reactivation,10058827,
CIMZIA,AR138,reactivation of hbv,AR138.N1,Hepatitis B,10019731,Hepatitis B reactivation,10058827,
CIMZIA,AR139,hbv reactivation,AR139.N1,Hepatitis B,10019731,Hepatitis B reactivation,10058827,
CIMZIA,AR140,neurological disorders,AR140.N1,Nervous system disorder,10029202,,,
CIMZIA,AR141,seizure disorder,AR141.N1,Seizure,10039906,Convulsion disorder,10010907,
CIMZIA,AR142,peripheral neuropathy,AR142.N1,Neuropathy peripheral,10029331,,,
CIMZIA,AR143,adverse reactions of the hematologic system,AR143.N1,Blood disorder,10061590,,,
CIMZIA,AR144,cytopenia,AR144.N1,Cytopenia,10066274,,,
CIMZIA,AR145,thrombocytopenia,AR145.N1,Thrombocytopenia,10043554,,,
CIMZIA,AR146,formation of autoantibodies,AR146.N1,Autoimmune disorder,10061664,,,
GRANIX,AR1,splenic rupture,AR1.N1,Splenic rupture,10041658,,,
GRANIX,AR2,acute respiratory distress syndrome,AR2.N1,Acute respiratory distress syndrome,10001052,,,
GRANIX,AR3,allergic reactions,AR3.N1,Hypersensitivity,10020751,Allergic reaction,10001718,
GRANIX,AR4,capillary leak syndrome,AR4.N1,Capillary leak syndrome,10007196,,,
GRANIX,AR5,tumor growth stimulatory effects on malignant cells,AR5.N1,Neoplasm malignant,10028997,Malignant neoplasm growth accelerated,10065302,
GRANIX,AR6,bone pain,AR6.N1,Bone pain,10006002,,,
GRANIX,AR7,leukocytosis,AR7.N1,Leukocytosis,10024378,,,
GRANIX,AR8,"wbc counts > 100,000 x 10 6 /l",AR8.N1,White blood cell count increased,10047943,WBC increased,10056739,
GRANIX,AR9,ards,AR9.N1,Acute respiratory distress syndrome,10001052,ARDS,10003083,
GRANIX,AR10,angioneurotic edema,AR10.N1,Angioedema,10002424,Angioneurotic edema,10002471,
GRANIX,AR11,dermatitis allergic,AR11.N1,Dermatitis allergic,10012434,,,
GRANIX,AR12,drug hypersensitivity,AR12.N1,Drug hypersensitivity,10013700,,,
GRANIX,AR13,hypersensitivity,AR13.N1,Hypersensitivity,10020751,,,
GRANIX,AR14,rash,AR14.N1,Rash,10037844,,,
GRANIX,AR15,pruritic rash,AR15.N1,Rash pruritic,10037884,Pruritic rash,10037085,
GRANIX,AR16,urticaria,AR16.N1,Urticaria,10046735,,,
GRANIX,AR17,sickle cell crisis,AR17.N1,Sickle cell anaemia with crisis,10040642,Sickle cell crisis,10040643,
GRANIX,AR18,fatal,AR18.N1,Death,10011906,,,
GRANIX,AR19,sickle cell crises,AR19.N1,Sickle cell anaemia with crisis,10040642,Sickle cell crisis,10040643,
GRANIX,AR20,hypotension,AR20.N1,Hypotension,10021097,,,
GRANIX,AR21,hypoalbuminemia,AR21.N1,Hypoalbuminaemia,10020942,Hypoalbuminemia,10020943,
GRANIX,AR22,edema,AR22.N1,Oedema,10030095,Edema,10014210,
GRANIX,AR23,hemoconcentration,AR23.N1,Haemoconcentration,10018873,Hemoconcentration,10019479,
GRANIX,AR24,growth factor for tumor,AR24.N1,Neoplasm,10028980,Neoplasm growth accelerated,10028994,
GRANIX,AR25,myeloid malignancies,AR25.N1,Myeloid metaplasia,10028561,,,
GRANIX,AR26,myelodysplasia,AR26.N1,Myelodysplastic syndrome,10028533,Myelodysplasia,10028532,
TUDORZA,AR1,paradoxical bronchospasm,AR1.N1,Bronchospasm paradoxical,10006486,Paradoxical bronchospasm,10033770,
TUDORZA,AR2,worsening of narrow-angle glaucoma,AR2.N1,Angle closure glaucoma,10002500,Anatomical narrow angle borderline glaucoma,10002251,
TUDORZA,AR3,worsening of urinary retention,AR3.N1,Urinary retention,10046555,,,
TUDORZA,AR4,immediate hypersensitivity reactions,AR4.N1,Type I hypersensitivity,10045240,Immediate hypersensitivity reaction,10021414,
TUDORZA,AR5,headache,AR5.N1,Headache,10019211,,,
TUDORZA,AR6,nasopharyngitis,AR6.N1,Nasopharyngitis,10028810,,,
TUDORZA,AR7,cough,AR7.N1,Cough,10011224,,,
TUDORZA,AR8,diarrhea,AR8.N1,Diarrhoea,10012735,Diarrhea,10012727,
TUDORZA,AR9,sinusitis,AR9.N1,Sinusitis,10040753,,,
TUDORZA,AR10,rhinitis,AR10.N1,Rhinitis,10039083,,,
TUDORZA,AR11,toothache,AR11.N1,Toothache,10044055,,,
TUDORZA,AR12,fall,AR12.N1,Fall,10016173,,,
TUDORZA,AR13,vomiting,AR13.N1,Vomiting,10047700,,,
TUDORZA,AR14,diabetes mellitus,AR14.N1,Diabetes mellitus,10012601,,,
TUDORZA,AR15,dry mouth,AR15.N1,Dry mouth,10013781,,,
TUDORZA,AR16,av block,AR16.N1,Atrioventricular block,10003671,AV block,10003846,
TUDORZA,AR17,osteoarthritis,AR17.N1,Osteoarthritis,10031161,,,
TUDORZA,AR18,cardiac failure,AR18.N1,Cardiac failure,10007554,,,
TUDORZA,AR19,cardio-respiratory arrest,AR19.N1,Cardio-respiratory arrest,10007617,,,
TUDORZA,AR20,anaphylaxis,AR20.N1,Anaphylactic reaction,10002198,Anaphylaxis,10002218,
TUDORZA,AR21,angioedema,AR21.N1,Angioedema,10002424,,,
TUDORZA,AR22,swelling of the lips,AR22.N1,Lip swelling,10024570,Swelling of lips,10042703,
TUDORZA,AR23,swelling of the tongue,AR23.N1,Swollen tongue,10042727,Swelling of tongue,10042706,
TUDORZA,AR24,swelling of the throat,AR24.N1,Pharyngeal oedema,10034829,Throat swelling,10043525,
TUDORZA,AR25,urticaria,AR25.N1,Urticaria,10046735,,,
TUDORZA,AR26,rash,AR26.N1,Rash,10037844,,,
TUDORZA,AR27,bronchospasm,AR27.N1,Bronchospasm,10006482,,,
TUDORZA,AR28,itching,AR28.N1,Pruritus,10037087,Itching,10023084,
TUDORZA,AR29,hypersensitivity reactions,AR29.N1,Hypersensitivity,10020751,Hypersensitivity reaction,10020756,
JEVTANA,AR1,bone marrow suppression,AR1.N1,Bone marrow failure,10065553,Myelosuppression,10028584,
JEVTANA,AR2,hypersensitivity reactions,AR2.N1,Hypersensitivity,10020751,Hypersensitivity reaction,10020756,
JEVTANA,AR3,gastrointestinal adverse reactions,AR3.N1,Gastrointestinal disorder,10017944,Gastrointestinal symptom NOS,10018011,
JEVTANA,AR4,renal failure,AR4.N1,Renal failure,10038435,,,
JEVTANA,AR5,embryo-fetal toxicity,AR5.N1,Maternal drugs affecting foetus,10026923,Drug toxicity NEC affecting foetus,10013750,
JEVTANA,AR6,neutropenia,AR6.N1,Neutropenia,10029354,,,
JEVTANA,AR7,anemia,AR7.N1,Anaemia,10002034,Anemia,10002272,
JEVTANA,AR8,leukopenia,AR8.N1,Leukopenia,10024384,,,
JEVTANA,AR9,thrombocytopenia,AR9.N1,Thrombocytopenia,10043554,,,
JEVTANA,AR10,diarrhea,AR10.N1,Diarrhoea,10012735,Diarrhea,10012727,
JEVTANA,AR11,fatigue,AR11.N1,Fatigue,10016256,,,
JEVTANA,AR12,nausea,AR12.N1,Nausea,10028813,,,
JEVTANA,AR13,vomiting,AR13.N1,Vomiting,10047700,,,
JEVTANA,AR14,constipation,AR14.N1,Constipation,10010774,,,
JEVTANA,AR15,asthenia,AR15.N1,Asthenia,10003549,,,
JEVTANA,AR16,abdominal pain,AR16.N1,Abdominal pain,10000081,,,
JEVTANA,AR17,hematuria,AR17.N1,Haematuria,10018867,Hematuria,10019450,
JEVTANA,AR18,back pain,AR18.N1,Back pain,10003988,,,
JEVTANA,AR19,anorexia,AR19.N1,Decreased appetite,10061428,Anorexia,10002646,
JEVTANA,AR20,peripheral neuropathy,AR20.N1,Neuropathy peripheral,10029331,,,
JEVTANA,AR21,pyrexia,AR21.N1,Pyrexia,10037660,,,
JEVTANA,AR22,dyspnea,AR22.N1,Dyspnoea,10013968,Dyspnea,10013963,
JEVTANA,AR23,dysgeusia,AR23.N1,Dysgeusia,10013911,,,
JEVTANA,AR24,cough,AR24.N1,Cough,10011224,,,
JEVTANA,AR25,arthralgia,AR25.N1,Arthralgia,10003239,,,
JEVTANA,AR26,alopecia,AR26.N1,Alopecia,10001760,,,
JEVTANA,AR27,deaths,AR27.N1,Death,10011906,,,
JEVTANA,AR28,fatal,AR28.N1,Death,10011906,,,
JEVTANA,AR29,infections,AR29.N1,Infection,10021789,,,
JEVTANA,AR30,infection-related adverse reactions,AR30.N1,Infection,10021789,,,
JEVTANA,AR31,ventricular fibrillation,AR31.N1,Ventricular fibrillation,10047290,,,
JEVTANA,AR32,cerebral hemorrhage,AR32.N1,Cerebral haemorrhage,10008111,Cerebral hemorrhage,10008114,
JEVTANA,AR33,dysguesia,AR33.N1,Dysgeusia,10013911,,,
JEVTANA,AR34,febrile neutropenia,AR34.N1,Febrile neutropenia,10016288,,,
JEVTANA,AR35,hematologic abnormalities,AR35.N1,Haematology test abnormal,10057755,Hematology test abnormal,10057760,
JEVTANA,AR36,arrhythmia,AR36.N1,Arrhythmia,10003119,,,
JEVTANA,AR37,dyspepsia,AR37.N1,Dyspepsia,10013946,,,
JEVTANA,AR38,peripheral edema,AR38.N1,Oedema peripheral,10030124,Peripheral edema,10034570,
JEVTANA,AR39,mucosal inflammation,AR39.N1,Mucosal inflammation,10028116,,,
JEVTANA,AR40,pain,AR40.N1,Pain,10033371,,,
JEVTANA,AR41,urinary tract infection,AR41.N1,Urinary tract infection,10046571,,,
JEVTANA,AR42,weight decreased,AR42.N1,Weight decreased,10047895,,,
JEVTANA,AR43,dehydration,AR43.N1,Dehydration,10012174,,,
JEVTANA,AR44,muscle spasms,AR44.N1,Muscle spasms,10028334,,,
JEVTANA,AR45,dizziness,AR45.N1,Dizziness,10013573,,,
JEVTANA,AR46,headache,AR46.N1,Headache,10019211,,,
JEVTANA,AR47,dysuria,AR47.N1,Dysuria,10013990,,,
JEVTANA,AR48,hypotension,AR48.N1,Hypotension,10021097,,,
JEVTANA,AR49,infectious adverse events,AR49.N1,Infection,10021789,,,
JEVTANA,AR50,sepsis,AR50.N1,Sepsis,10040047,,,
JEVTANA,AR51,septic shock,AR51.N1,Septic shock,10040070,,,
JEVTANA,AR52,death,AR52.N1,Death,10011906,,,
JEVTANA,AR53,infection,AR53.N1,Infection,10021789,,,
JEVTANA,AR54,increased ast,AR54.N1,Aspartate aminotransferase increased,10003481,AST increased,10003544,
JEVTANA,AR55,increased alt,AR55.N1,Alanine aminotransferase increased,10001551,ALT increased,10001845,
JEVTANA,AR56,increased bilirubin,AR56.N1,Blood bilirubin increased,10005364,Bilirubin increased,10004690,
JEVTANA,AR57,gastritis,AR57.N1,Gastritis,10017853,,,
JEVTANA,AR58,intestinal obstruction,AR58.N1,Intestinal obstruction,10022687,,,
JEVTANA,AR59,hypersensitivity,AR59.N1,Hypersensitivity,10020751,,,
JEVTANA,AR60,neutropenic,AR60.N1,Neutropenia,10029354,,,
JEVTANA,AR61,generalized rash,AR61.N1,Rash generalised,10037858,Generalized rash,10049201,
JEVTANA,AR62,erythema,AR62.N1,Erythema,10015150,,,
JEVTANA,AR63,bronchospasm,AR63.N1,Bronchospasm,10006482,,,
JEVTANA,AR64,neutropenic infections,AR64.N1,Neutropenic infection,10059482,,,
JEVTANA,AR65,gastrointestinal disorders,AR65.N1,Gastrointestinal disorder,10017944,,,
JEVTANA,AR66,mortality,AR66.N1,Death,10011906,,,
JEVTANA,AR67,gastrointestinal hemorrhage,AR67.N1,Gastrointestinal haemorrhage,10017955,Gastrointestinal hemorrhage,10017960,
JEVTANA,AR68,gastrointestinal perforation,AR68.N1,Gastrointestinal perforation,10018001,,,
JEVTANA,AR69,neutropenic enterocolitis,AR69.N1,Neutropenic colitis,10062959,Neutropenic enterocolitis,10029359,
JEVTANA,AR70,hepatic impairment,AR70.N1,Liver disorder,10024670,Hepatic impairment,10052254,
JEVTANA,AR71,fetal harm,AR71.N1,Foetal damage,10016852,Fetal damage,10054743,
JEVTANA,AR72,pancytopenia,AR72.N1,Pancytopenia,10033661,,,
JEVTANA,AR73,electrolyte imbalance,AR73.N1,Electrolyte imbalance,10014418,,,
JEVTANA,AR74,ileus,AR74.N1,Ileus,10021328,,,
JEVTANA,AR75,enterocolitis,AR75.N1,Enterocolitis,10014893,,,
JEVTANA,AR76,obstructive uropathy,AR76.N1,Obstructive uropathy,10029984,,,
JEVTANA,AR77,died,AR77.N1,Death,10011906,,,
ILARIS,AR1,infections,AR1.N1,Infection,10021789,,,
ILARIS,AR2,infections of the upper respiratory tract,AR2.N1,Upper respiratory tract infection,10046306,,,
ILARIS,AR3,opportunistic infections,AR3.N1,Opportunistic infection,10030901,,,
ILARIS,AR4,nasopharyngitis,AR4.N1,Nasopharyngitis,10028810,,,
ILARIS,AR5,diarrhea,AR5.N1,Diarrhoea,10012735,Diarrhea,10012727,
ILARIS,AR6,influenza,AR6.N1,Influenza,10022000,,,
ILARIS,AR7,headache,AR7.N1,Headache,10019211,,,
ILARIS,AR8,nausea,AR8.N1,Nausea,10028813,,,
ILARIS,AR9,upper respiratory tract infections,AR9.N1,Upper respiratory tract infection,10046306,,,
ILARIS,AR10,abdominal pain,AR10.N1,Abdominal pain,10000081,,,
ILARIS,AR11,injection site reactions,AR11.N1,Injection site reaction,10022095,,,
ILARIS,AR12,vertigo,AR12.N1,Vertigo,10047340,,,
ILARIS,AR13,intra-abdominal abscess,AR13.N1,Abdominal abscess,10060921,Intra-abdominal abscess,10059621,
ILARIS,AR14,infection,AR14.N1,Infection,10021789,,,
ILARIS,AR15,rhinitis,AR15.N1,Rhinitis,10039083,,,
ILARIS,AR16,bronchitis,AR16.N1,Bronchitis,10006451,,,
ILARIS,AR17,gastroenteritis,AR17.N1,Gastroenteritis,10017888,,,
ILARIS,AR18,pharyngitis,AR18.N1,Pharyngitis,10034835,,,
ILARIS,AR19,weight increased,AR19.N1,Weight increased,10047899,,,
ILARIS,AR20,musculoskeletal pain,AR20.N1,Musculoskeletal pain,10028391,,,
ILARIS,AR21,subcutaneous injection site reactions,AR21.N1,Injection site reaction,10022095,,,
ILARIS,AR22,local tolerability reaction,AR22.N1,Local reaction,10024769,,,
ILARIS,AR23,pneumonia,AR23.N1,Pneumonia,10035664,,,
ILARIS,AR24,varicella,AR24.N1,Varicella,10046980,,,
ILARIS,AR25,measles,AR25.N1,Measles,10027011,,,
ILARIS,AR26,sepsis,AR26.N1,Sepsis,10040047,,,
ILARIS,AR27,otitis media,AR27.N1,Otitis media,10033078,,,
ILARIS,AR28,sinusitis,AR28.N1,Sinusitis,10040753,,,
ILARIS,AR29,adenovirus,AR29.N1,Adenovirus infection,10060931,,,
ILARIS,AR30,lymph node abscess,AR30.N1,Lymph node abscess,10050167,,,
ILARIS,AR31,viral upper respiratory tract infection,AR31.N1,Viral upper respiratory tract infection,10047482,,,
ILARIS,AR32,tonsillitis,AR32.N1,Tonsillitis,10044008,,,
ILARIS,AR33,urinary tract infection,AR33.N1,Urinary tract infection,10046571,,,
ILARIS,AR34,viral infection,AR34.N1,Viral infection,10047461,,,
ILARIS,AR35,abdominal pain upper,AR35.N1,Abdominal pain upper,10000087,,,
ILARIS,AR36,injection site reaction,AR36.N1,Injection site reaction,10022095,,,
ILARIS,AR37,hypersensitivity reactions,AR37.N1,Hypersensitivity,10020751,Hypersensitivity reaction,10020756,
ILARIS,AR38,decreased white blood cells,AR38.N1,White blood cell count decreased,10047942,,,
ILARIS,AR39,decreased neutrophils,AR39.N1,Neutrophil count decreased,10029366,,,
ILARIS,AR40,decreased platelets,AR40.N1,Platelet count decreased,10035528,Platelets decreased,10035545,
ILARIS,AR41,decreased white blood cell counts,AR41.N1,White blood cell count decreased,10047942,,,
ILARIS,AR42,decreased wbc,AR42.N1,White blood cell count decreased,10047942,WBC decreased,10056731,
ILARIS,AR43,decreases in absolute neutrophil count,AR43.N1,Neutrophil count decreased,10029366,Absolute neutrophil count decreased,10059234,
ILARIS,AR44,decreases in anc,AR44.N1,Neutrophil count decreased,10029366,Absolute neutrophil count decreased,10059234,
ILARIS,AR45,anc less than 0.5x10 9 /l,AR45.N1,Neutrophil count decreased,10029366,Absolute neutrophil count decreased,10059234,
ILARIS,AR46,decreases in platelet counts,AR46.N1,Platelet count decreased,10035528,,,
ILARIS,AR47,elevations of transaminases,AR47.N1,Transaminases increased,10054889,,,
ILARIS,AR48,high alt,AR48.N1,Alanine aminotransferase increased,10001551,ALT high,10075801,
ILARIS,AR49,high ast,AR49.N1,Aspartate aminotransferase increased,10003481,AST high,10075800,
ILARIS,AR50,elevations of serum bilirubin,AR50.N1,Blood bilirubin increased,10005364,Serum bilirubin increased,10040159,
ILARIS,AR51,unusual infections,AR51.N1,Infection,10021789,,,
ILARIS,AR52,infections cytomegalovirus,AR52.N1,Cytomegalovirus infection,10011831,,,
ILARIS,AR53,aspergillosis,AR53.N1,Aspergillus infection,10074171,Aspergillosis,10003488,
ILARIS,AR54,atypical mycobacterial infections,AR54.N1,Atypical mycobacterial infection,10061663,,,
ILARIS,AR55,herpes zoster,AR55.N1,Herpes zoster,10019974,,,
ILARIS,AR56,reactivation of tuberculosis,AR56.N1,Tuberculosis,10044755,Tuberculosis reactivated,10045025,
ILARIS,AR57,malignancies,AR57.N1,Neoplasm malignant,10028997,,,
ILARIS,AR58,interfere with normal immune response,AR58.N1,Decreased immune responsiveness,10011968,,,
ILARIS,AR59,mas,AR59.N1,Histiocytosis haematophagic,10048595,Macrophage activation syndrome,10053867,
AMPYRA,AR1,seizures,AR1.N1,Seizure,10039906,Seizures,10039910,
AMPYRA,AR2,anaphylaxis,AR2.N1,Anaphylactic reaction,10002198,Anaphylaxis,10002218,
AMPYRA,AR3,urinary tract infections,AR3.N1,Urinary tract infection,10046571,,,
AMPYRA,AR4,urinary tract infection,AR4.N1,Urinary tract infection,10046571,,,
AMPYRA,AR5,insomnia,AR5.N1,Insomnia,10022437,,,
AMPYRA,AR6,dizziness,AR6.N1,Dizziness,10013573,,,
AMPYRA,AR7,headache,AR7.N1,Headache,10019211,,,
AMPYRA,AR8,nausea,AR8.N1,Nausea,10028813,,,
AMPYRA,AR9,asthenia,AR9.N1,Asthenia,10003549,,,
AMPYRA,AR10,back pain,AR10.N1,Back pain,10003988,,,
AMPYRA,AR11,balance disorder,AR11.N1,Balance disorder,10049848,,,
AMPYRA,AR12,multiple sclerosis relapse,AR12.N1,Multiple sclerosis relapse,10048393,,,
AMPYRA,AR13,paresthesia,AR13.N1,Paraesthesia,10033775,Paresthesia,10033987,
AMPYRA,AR14,nasopharyngitis,AR14.N1,Nasopharyngitis,10028810,,,
AMPYRA,AR15,constipation,AR15.N1,Constipation,10010774,,,
AMPYRA,AR16,dyspepsia,AR16.N1,Dyspepsia,10013946,,,
AMPYRA,AR17,pharyngolaryngeal pain,AR17.N1,Laryngeal pain,10023848,Pharyngolaryngeal pain,10034844,
AMPYRA,AR18,confusional state,AR18.N1,Confusional state,10010305,,,
AMPYRA,AR19,allergic reactions,AR19.N1,Hypersensitivity,10020751,Allergic reaction,10001718,
AMPYRA,AR20,respiratory compromise,AR20.N1,Respiratory failure,10038695,Respiratory insufficiency,10038701,
AMPYRA,AR21,urticaria,AR21.N1,Urticaria,10046735,,,
AMPYRA,AR22,angioedema of the throat,AR22.N1,Angioedema,10002424,,,
AMPYRA,AR22,angioedema of the throat,AR22.N2,Pharyngeal oedema,10034829,Throat edema,10043519,
AMPYRA,AR23,angioedema of the tongue,AR23.N1,Angioedema,10002424,,,
AMPYRA,AR23,angioedema of the tongue,AR23.N2,Tongue oedema,10043967,Tongue edema,10043955,
AMPYRA,AR24,utis,AR24.N1,Urinary tract infection,10046571,UTI,10046848,
SIRTURO,AR1,increased mortality,AR1.N1,Death,10011906,,,
SIRTURO,AR2,qt prolongation,AR2.N1,Electrocardiogram QT prolonged,10014387,QT prolonged,10037705,
SIRTURO,AR3,hepatotoxicity,AR3.N1,Hepatotoxicity,10019851,,,
SIRTURO,AR4,nausea,AR4.N1,Nausea,10028813,,,
SIRTURO,AR5,arthralgia,AR5.N1,Arthralgia,10003239,,,
SIRTURO,AR6,headache,AR6.N1,Headache,10019211,,,
SIRTURO,AR7,hemoptysis,AR7.N1,Haemoptysis,10018964,Hemoptysis,10019523,
SIRTURO,AR8,chest pain,AR8.N1,Chest pain,10008479,,,
SIRTURO,AR9,anorexia,AR9.N1,Decreased appetite,10061428,Anorexia,10002646,
SIRTURO,AR10,transaminases increased,AR10.N1,Transaminases increased,10054889,,,
SIRTURO,AR11,rash,AR11.N1,Rash,10037844,,,
SIRTURO,AR12,blood amylase increased,AR12.N1,Amylase increased,10002016,Blood amylase increased,10005328,
SIRTURO,AR13,aminotransferase elevations,AR13.N1,Transaminases increased,10054889,,,
SIRTURO,AR14,alanine aminotransferase 3 times the upper limit of normal,AR14.N1,Alanine aminotransferase increased,10001551,,,
SIRTURO,AR15,aspartate aminotransferase 3 times the upper limit of normal,AR15.N1,Aspartate aminotransferase increased,10003481,,,
SIRTURO,AR16,deaths,AR16.N1,Death,10011906,,,
SIRTURO,AR17,death,AR17.N1,Death,10011906,,,
SIRTURO,AR18,died,AR18.N1,Death,10011906,,,
SIRTURO,AR19,additive qt prolongation,AR19.N1,Electrocardiogram QT prolonged,10014387,,,
SIRTURO,AR20,prolongs the qt interval,AR20.N1,Electrocardiogram QT prolonged,10014387,QT interval prolonged,10037703,
SIRTURO,AR21,hepatic-related adverse reactions,AR21.N1,Hepatic function abnormal,10019670,,,
ADREVIEW,AR1,hypersensitivity reactions,AR1.N1,Hypersensitivity,10020751,Hypersensitivity reaction,10020756,
ADREVIEW,AR2,dizziness,AR2.N1,Dizziness,10013573,,,
ADREVIEW,AR3,rash,AR3.N1,Rash,10037844,,,
ADREVIEW,AR4,pruritis,AR4.N1,Pruritus,10037087,,,
ADREVIEW,AR5,flushing,AR5.N1,Flushing,10016825,,,
ADREVIEW,AR6,headache,AR6.N1,Headache,10019211,,,
ADREVIEW,AR7,injection site hemorrhage,AR7.N1,Injection site haemorrhage,10022067,Injection site hemorrhage,10022068,
ADREVIEW,AR8,pruritus,AR8.N1,Pruritus,10037087,,,
ADREVIEW,AR9,injection site problems,AR9.N1,Injection site reaction,10022095,,,
ADREVIEW,AR10,injection site hematoma,AR10.N1,Injection site haematoma,10022066,Injection site hematoma,10055371,
ADREVIEW,AR11,injection site bruising,AR11.N1,Injection site bruising,10022052,,,
ADREVIEW,AR12,fatal,AR12.N1,Death,10011906,,,
ADREVIEW,AR13,gasping syndrome,AR13.N1,Gasping syndrome,10069162,,,
ADREVIEW,AR14,transient episode of hypertension,AR14.N1,Hypertension,10020772,,,
ARCAPTA,AR1,asthma,AR1.N1,Asthma,10003553,,,
ARCAPTA,AR2,death,AR2.N1,Death,10011906,,,
ARCAPTA,AR3,cough,AR3.N1,Cough,10011224,,,
ARCAPTA,AR4,oropharyngeal pain,AR4.N1,Oropharyngeal pain,10068319,,,
ARCAPTA,AR5,nasopharyngitis,AR5.N1,Nasopharyngitis,10028810,,,
ARCAPTA,AR6,headache,AR6.N1,Headache,10019211,,,
ARCAPTA,AR7,nausea,AR7.N1,Nausea,10028813,,,
ARCAPTA,AR8,copd,AR8.N1,Chronic obstructive pulmonary disease,10009033,COPD,10010952,
ARCAPTA,AR9,dyspnea,AR9.N1,Dyspnoea,10013968,Dyspnea,10013963,
ARCAPTA,AR10,copd exacerbation,AR10.N1,Chronic obstructive pulmonary disease,10009033,COPD exacerbation,10010953,
ARCAPTA,AR11,pneumonia,AR11.N1,Pneumonia,10035664,,,
ARCAPTA,AR12,angina pectoris,AR12.N1,Angina pectoris,10002383,,,
ARCAPTA,AR13,atrial fibrillation,AR13.N1,Atrial fibrillation,10003658,,,
ARCAPTA,AR14,cardiovascular adverse reactions,AR14.N1,Cardiovascular symptom,10075534,,,
ARCAPTA,AR15,muscle spasm,AR15.N1,Muscle spasms,10028334,Muscle spasm,10028333,
ARCAPTA,AR16,musculoskeletal pain,AR16.N1,Musculoskeletal pain,10028391,,,
ARCAPTA,AR17,edema peripheral,AR17.N1,Oedema peripheral,10030124,Edema peripheral,10014251,
ARCAPTA,AR18,diabetes mellitus,AR18.N1,Diabetes mellitus,10012601,,,
ARCAPTA,AR19,hyperglycemia,AR19.N1,Hyperglycaemia,10020635,Hyperglycemia,10020639,
ARCAPTA,AR20,sinusitis,AR20.N1,Sinusitis,10040753,,,
ARCAPTA,AR21,upper respiratory tract infection,AR21.N1,Upper respiratory tract infection,10046306,,,
ARCAPTA,AR22,deaths,AR22.N1,Death,10011906,,,
ARCAPTA,AR23,asthma exacerbation,AR23.N1,Asthma,10003553,Exacerbation of asthma,10015575,
ARCAPTA,AR24,hypersensitivity reactions,AR24.N1,Hypersensitivity,10020751,Hypersensitivity reaction,10020756,
ARCAPTA,AR25,paradoxical bronchospasm,AR25.N1,Bronchospasm paradoxical,10006486,Paradoxical bronchospasm,10033770,
ARCAPTA,AR26,tachycardia,AR26.N1,Tachycardia,10043071,,,
ARCAPTA,AR27,heart rate increase,AR27.N1,Heart rate increased,10019303,,,
ARCAPTA,AR28,palpitations,AR28.N1,Palpitations,10033557,,,
ARCAPTA,AR29,pruritus,AR29.N1,Pruritus,10037087,,,
ARCAPTA,AR30,rash,AR30.N1,Rash,10037844,,,
ARCAPTA,AR31,dizziness,AR31.N1,Dizziness,10013573,,,
ARCAPTA,AR32,cardiovascular effect,AR32.N1,Cardiovascular symptom,10075534,,,
ARCAPTA,AR33,increases in pulse rate,AR33.N1,Heart rate increased,10019303,Pulse rate increased,10037490,
ARCAPTA,AR34,increases in systolic blood pressure,AR34.N1,Blood pressure systolic increased,10005760,,,
ARCAPTA,AR35,increases in diastolic blood pressure,AR35.N1,Blood pressure diastolic increased,10005739,,,
ARCAPTA,AR36,decrease in serum potassium,AR36.N1,Blood potassium decreased,10005724,Serum potassium decreased,10040378,
ARCAPTA,AR37,decreases in serum potassium,AR37.N1,Blood potassium decreased,10005724,Serum potassium decreased,10040378,
ARCAPTA,AR38,changes in blood glucose,AR38.N1,Blood glucose fluctuation,10049803,,,
INTELENCE,AR1,skin reactions,AR1.N1,Skin reaction,10040914,,,
INTELENCE,AR2,hypersensitivity reactions,AR2.N1,Hypersensitivity,10020751,Hypersensitivity reaction,10020756,
INTELENCE,AR3,rash,AR3.N1,Rash,10037844,,,
INTELENCE,AR4,peripheral neuropathy,AR4.N1,Neuropathy peripheral,10029331,,,
INTELENCE,AR5,diarrhea,AR5.N1,Diarrhoea,10012735,Diarrhea,10012727,
INTELENCE,AR6,stevens-johnson syndrome,AR6.N1,Stevens-Johnson syndrome,10042033,,,
INTELENCE,AR7,hypersensitivity,AR7.N1,Hypersensitivity,10020751,,,
INTELENCE,AR8,erythema multiforme,AR8.N1,Erythema multiforme,10015218,,,
INTELENCE,AR9,myocardial infarction,AR9.N1,Myocardial infarction,10028596,,,
INTELENCE,AR10,angina pectoris,AR10.N1,Angina pectoris,10002383,,,
INTELENCE,AR11,atrial fibrillation,AR11.N1,Atrial fibrillation,10003658,,,
INTELENCE,AR12,vertigo,AR12.N1,Vertigo,10047340,,,
INTELENCE,AR13,blurred vision,AR13.N1,Vision blurred,10047513,Blurred vision,10005886,
INTELENCE,AR14,gastroesophageal reflux disease,AR14.N1,Gastrooesophageal reflux disease,10017885,Gastroesophageal reflux disease,10066874,
INTELENCE,AR15,flatulence,AR15.N1,Flatulence,10016766,,,
INTELENCE,AR16,gastritis,AR16.N1,Gastritis,10017853,,,
INTELENCE,AR17,abdominal distension,AR17.N1,Abdominal distension,10000060,,,
INTELENCE,AR18,pancreatitis,AR18.N1,Pancreatitis,10033645,,,
INTELENCE,AR19,constipation,AR19.N1,Constipation,10010774,,,
INTELENCE,AR20,dry mouth,AR20.N1,Dry mouth,10013781,,,
INTELENCE,AR21,hematemesis,AR21.N1,Haematemesis,10018830,Hematemesis,10019418,
INTELENCE,AR22,retching,AR22.N1,Retching,10038776,,,
INTELENCE,AR23,stomatitis,AR23.N1,Stomatitis,10042128,,,
INTELENCE,AR24,sluggishness,AR24.N1,Sluggishness,10041052,,,
INTELENCE,AR25,hemolytic anemia,AR25.N1,Haemolytic anaemia,10018916,Hemolytic anemia,10019493,
INTELENCE,AR26,hepatic failure,AR26.N1,Hepatic failure,10019663,,,
INTELENCE,AR27,hepatomegaly,AR27.N1,Hepatomegaly,10019842,,,
INTELENCE,AR28,cytolytic hepatitis,AR28.N1,Hepatitis,10019717,Cytolytic hepatitis,10050904,
INTELENCE,AR29,hepatic steatosis,AR29.N1,Hepatic steatosis,10019708,,,
INTELENCE,AR30,hepatitis,AR30.N1,Hepatitis,10019717,,,
INTELENCE,AR31,drug hypersensitivity,AR31.N1,Drug hypersensitivity,10013700,,,
INTELENCE,AR32,immune reconstitution syndrome,AR32.N1,Immune reconstitution inflammatory syndrome,10065042,Immune reconstitution syndrome,10054014,
INTELENCE,AR33,diabetes mellitus,AR33.N1,Diabetes mellitus,10012601,,,
INTELENCE,AR34,anorexia,AR34.N1,Decreased appetite,10061428,Anorexia,10002646,
INTELENCE,AR35,dyslipidemia,AR35.N1,Dyslipidaemia,10058108,Dyslipidemia,10058110,
INTELENCE,AR36,paraesthesia,AR36.N1,Paraesthesia,10033775,,,
INTELENCE,AR37,somnolence,AR37.N1,Somnolence,10041349,,,
INTELENCE,AR38,convulsion,AR38.N1,Seizure,10039906,Convulsion,10010904,
INTELENCE,AR39,hypoesthesia,AR39.N1,Hypoaesthesia,10020937,Hypoesthesia,10020976,
INTELENCE,AR40,amnesia,AR40.N1,Amnesia,10001949,,,
INTELENCE,AR41,syncope,AR41.N1,Syncope,10042772,,,
INTELENCE,AR42,disturbance in attention,AR42.N1,Disturbance in attention,10013496,,,
INTELENCE,AR43,hypersomnia,AR43.N1,Hypersomnia,10020765,,,
INTELENCE,AR44,tremor,AR44.N1,Tremor,10044565,,,
INTELENCE,AR45,anxiety,AR45.N1,Anxiety,10002855,,,
INTELENCE,AR46,sleep disorders,AR46.N1,Sleep disorder,10040984,,,
INTELENCE,AR47,abnormal dreams,AR47.N1,Abnormal dreams,10000125,,,
INTELENCE,AR48,confusional state,AR48.N1,Confusional state,10010305,,,
INTELENCE,AR49,disorientation,AR49.N1,Disorientation,10013395,,,
INTELENCE,AR50,nervousness,AR50.N1,Nervousness,10029216,,,
INTELENCE,AR51,nightmares,AR51.N1,Nightmare,10029412,Nightmares,10029414,
INTELENCE,AR52,acute renal failure,AR52.N1,Acute kidney injury,10069339,Acute renal failure,10001041,
INTELENCE,AR53,gynecomastia,AR53.N1,Gynaecomastia,10018800,Gynecomastia,10018801,
INTELENCE,AR54,exertional dyspnea,AR54.N1,Dyspnoea exertional,10013971,Exertional dyspnea,10055548,
INTELENCE,AR55,bronchospasm,AR55.N1,Bronchospasm,10006482,,,
INTELENCE,AR56,night sweats,AR56.N1,Night sweats,10029410,,,
INTELENCE,AR57,lipohypertrophy,AR57.N1,Lipohypertrophy,10062315,,,
INTELENCE,AR58,prurigo,AR58.N1,Prurigo,10037083,,,
INTELENCE,AR59,hyperhidrosis,AR59.N1,Hyperhidrosis,10020642,,,
INTELENCE,AR60,dry skin,AR60.N1,Dry skin,10013786,,,
INTELENCE,AR61,swelling face,AR61.N1,Swelling face,10042682,,,
INTELENCE,AR62,acquired lipodystrophy,AR62.N1,Lipodystrophy acquired,10049287,,,
INTELENCE,AR63,angioneurotic edema,AR63.N1,Angioedema,10002424,Angioneurotic edema,10002471,
INTELENCE,AR64,haemorrhagic stroke,AR64.N1,Haemorrhagic stroke,10019016,,,
INTELENCE,AR65,decreased hemoglobin,AR65.N1,Haemoglobin decreased,10018884,Decreased hemoglobin,10011964,
INTELENCE,AR66,elevated glucose levels,AR66.N1,Blood glucose increased,10005557,Glucose increased,10018421,
INTELENCE,AR67,ast abnormalities,AR67.N1,Aspartate aminotransferase abnormal,10003477,,,
INTELENCE,AR68,alt abnormalities,AR68.N1,Alanine aminotransferase abnormal,10001547,,,
INTELENCE,AR69,abnormalities of ast,AR69.N1,Aspartate aminotransferase abnormal,10003477,,,
INTELENCE,AR70,abnormalities of alt,AR70.N1,Alanine aminotransferase abnormal,10001547,,,
INTELENCE,AR71,abnormalities of total bilirubin,AR71.N1,Blood bilirubin abnormal,10058477,Bilirubin total abnormal,10071561,
INTELENCE,AR72,rash macular,AR72.N1,Rash macular,10037867,,,
INTELENCE,AR73,rash papular,AR73.N1,Rash papular,10037876,,,
INTELENCE,AR74,dress,AR74.N1,Drug reaction with eosinophilia and systemic symptoms,10073508,DRESS syndrome,10058899,
INTELENCE,AR75,rhabdomyolysis,AR75.N1,Rhabdomyolysis,10039020,,,
INTELENCE,AR76,fatal,AR76.N1,Death,10011906,,,
INTELENCE,AR77,toxic epidermal necrolysis,AR77.N1,Toxic epidermal necrolysis,10044223,,,
INTELENCE,AR78,hypersensitivity reaction,AR78.N1,Hypersensitivity,10020751,Hypersensitivity reaction,10020756,
INTELENCE,AR79,drug rash with eosinophilia and systemic symptoms,AR79.N1,Drug reaction with eosinophilia and systemic symptoms,10073508,Drug rash with eosinophilia and systemic symptoms,10058919,
INTELENCE,AR80,organ dysfunction,AR80.N1,Organ failure,10053159,,,
INTELENCE,AR81,rashes,AR81.N1,Rash,10037844,,,
INTELENCE,AR82,redistribution of body fat,AR82.N1,Fat redistribution,10048474,,,
INTELENCE,AR83,accumulation of body fat,AR83.N1,Body fat disorder,10055164,,,
INTELENCE,AR84,body fat peripheral wasting,AR84.N1,Lipoatrophy,10024604,Fat atrophy NOS,10016242,
INTELENCE,AR85,central obesity,AR85.N1,Central obesity,10065941,,,
INTELENCE,AR86,dorsocervical fat enlargement,AR86.N1,Lipohypertrophy,10062315,Buffalo hump,10006539,
INTELENCE,AR87,buffalo hump,AR87.N1,Lipohypertrophy,10062315,Buffalo hump,10006539,
INTELENCE,AR88,facial wasting,AR88.N1,Facial wasting,10056866,,,
INTELENCE,AR89,breast enlargement,AR89.N1,Breast enlargement,10006242,,,
INTELENCE,AR90,cushingoid appearance,AR90.N1,Cushingoid,10011655,Cushingoid facies,10011656,
INTELENCE,AR91,inflammatory response,AR91.N1,Inflammation,10061218,Inflammatory reaction,10021995,
INTELENCE,AR92,opportunistic infections,AR92.N1,Opportunistic infection,10030901,,,
INTELENCE,AR93,mycobacterium avium infection,AR93.N1,Mycobacterium avium complex infection,10058806,Infection mycobacterium avium,10021840,
INTELENCE,AR94,cytomegalovirus,AR94.N1,Cytomegalovirus infection,10011831,,,
INTELENCE,AR95,pneumocystis jiroveci pneumonia,AR95.N1,Pneumocystis jirovecii pneumonia,10073755,Pneumocystis jiroveci pneumonia,10064108,
INTELENCE,AR96,pcp,AR96.N1,Pneumocystis jirovecii pneumonia,10073755,,,
INTELENCE,AR97,tuberculosis,AR97.N1,Tuberculosis,10044755,,,
INTELENCE,AR98,autoimmune disorders,AR98.N1,Autoimmune disorder,10061664,,,
INTELENCE,AR99,graves' disease,AR99.N1,Basedow's disease,10004161,Graves' disease,10018706,
INTELENCE,AR100,polymyositis,AR100.N1,Polymyositis,10036102,,,
INTELENCE,AR101,guillain-barre syndrome,AR101.N1,Guillain-Barre syndrome,10018767,,,
PICATO,AR1,ophthalmic adverse reaction,AR1.N1,Eye symptom,10075536,,,
PICATO,AR2,hypersensitivity reactions,AR2.N1,Hypersensitivity,10020751,Hypersensitivity reaction,10020756,
PICATO,AR3,local skin reactions,AR3.N1,Skin reaction,10040914,Localised skin reaction,10024777,
PICATO,AR4,application site pain,AR4.N1,Application site pain,10003051,,,
PICATO,AR5,application site pruritus,AR5.N1,Application site pruritus,10003053,,,
PICATO,AR6,application site irritation,AR6.N1,Application site irritation,10003046,,,
PICATO,AR7,application site infection,AR7.N1,Application site infection,10049041,,,
PICATO,AR8,periorbital edema,AR8.N1,Periorbital oedema,10034545,Periorbital edema,10054541,
PICATO,AR9,nasopharyngitis,AR9.N1,Nasopharyngitis,10028810,,,
PICATO,AR10,headache,AR10.N1,Headache,10019211,,,
PICATO,AR11,local skin erythema,AR11.N1,Erythema,10015150,Skin erythema,10040842,
PICATO,AR12,local skin flaking,AR12.N1,Skin exfoliation,10040844,Flaking skin,10016749,
PICATO,AR13,local skin scaling,AR13.N1,Skin exfoliation,10040844,Flaking skin,10016749,
PICATO,AR14,local skin crusting,AR14.N1,Scab,10039509,Crust,10011468,
PICATO,AR14,local skin crusting,AR14.N2,Skin reaction,10040914,Localised skin reaction,10024777,
PICATO,AR15,local skin swelling,AR15.N1,Skin swelling,10053262,,,
PICATO,AR16,local skin vesiculation,AR16.N1,Skin reaction,10040914,,,
PICATO,AR16,local skin vesiculation,AR16.N2,Drug eruption,10013687,Drug eruption vesicular,10013694,
PICATO,AR17,local skin pustulation,AR17.N1,Rash pustular,10037888,Pustule,10037578,
PICATO,AR17,local skin pustulation,AR17.N2,Skin reaction,10040914,Localised skin reaction,10024777,
PICATO,AR18,local skin erosion,AR18.N1,Skin erosion,10040840,,,
PICATO,AR19,local skin ulceration,AR19.N1,Skin ulcer,10040943,,,
PICATO,AR20,skin erythema,AR20.N1,Erythema,10015150,Skin erythema,10040842,
PICATO,AR21,skin flaking,AR21.N1,Skin exfoliation,10040844,Flaking skin,10016749,
PICATO,AR22,skin scaling,AR22.N1,Skin exfoliation,10040844,Skin peeling,10040908,
PICATO,AR23,skin crusting,AR23.N1,Scab,10039509,Crust,10011468,
PICATO,AR24,skin swelling,AR24.N1,Skin swelling,10053262,,,
PICATO,AR25,skin vesiculation,AR25.N1,Blister,10005191,Vesicles,10047368,
PICATO,AR26,skin pustulation,AR26.N1,Rash pustular,10037888,Pustule,10037578,
PICATO,AR27,skin erosion,AR27.N1,Skin erosion,10040840,,,
PICATO,AR28,skin ulceration,AR28.N1,Skin ulcer,10040943,Skin ulceration,10040947,
PICATO,AR29,eyelid edema,AR29.N1,Eyelid oedema,10015993,Eyelid edema,10015985,
PICATO,AR30,eye pain,AR30.N1,Eye pain,10015958,,,
PICATO,AR31,conjunctivitis,AR31.N1,Conjunctivitis,10010741,,,
PICATO,AR32,hypersensitivity,AR32.N1,Hypersensitivity,10020751,,,
PICATO,AR33,allergic contact dermatitis,AR33.N1,Dermatitis contact,10012442,Allergic contact dermatitis,10056265,
PICATO,AR34,herpes zoster,AR34.N1,Herpes zoster,10019974,,,
PICATO,AR35,chemical conjunctivitis,AR35.N1,Chemical eye injury,10055116,Chemical conjunctivitis,10055119,
PICATO,AR36,corneal burn,AR36.N1,Eye burns,10015911,Corneal burn,10068161,
PICATO,AR37,eye disorders,AR37.N1,Eye disorder,10015916,,,
PICATO,AR38,eyelid ptosis,AR38.N1,Eyelid ptosis,10015995,,,
PICATO,AR39,anaphylaxis,AR39.N1,Anaphylactic reaction,10002198,Anaphylaxis,10002218,
PICATO,AR40,skin reactions in the treated area,AR40.N1,Skin reaction,10040914,Localised skin reaction,10024777,
PICATO,AR41,skin reactions in the treated area erythema,AR41.N1,Application site erythema,10003041,,,
PICATO,AR42,skin reactions in the treated area crusting,AR42.N1,Application site scab,10066209,,,
PICATO,AR43,skin reactions in the treated area swelling,AR43.N1,Application site swelling,10053424,,,
PICATO,AR44,skin reactions in the treated area vesiculation,AR44.N1,Application site vesicles,10048941,,,
PICATO,AR45,skin reactions in the treated area postulation,AR45.N1,Application site pustules,10049044,,,
PICATO,AR46,skin reactions in the treated area erosion,AR46.N1,Application site erosion,10065577,,,
PICATO,AR47,skin reactions in the treated area ulceration,AR47.N1,Application site ulcer,10003059,,,
VIZAMYL,AR1,flushing,AR1.N1,Flushing,10016825,,,
VIZAMYL,AR2,headache,AR2.N1,Headache,10019211,,,
VIZAMYL,AR3,increased blood pressure,AR3.N1,Blood pressure increased,10005750,Increased blood pressure,10021655,
VIZAMYL,AR4,nausea,AR4.N1,Nausea,10028813,,,
VIZAMYL,AR5,dizziness,AR5.N1,Dizziness,10013573,,,
VIZAMYL,AR6,hypersensitivity reaction,AR6.N1,Hypersensitivity,10020751,Hypersensitivity reaction,10020756,
VIZAMYL,AR7,dyspnea,AR7.N1,Dyspnoea,10013968,Dyspnea,10013963,
VIZAMYL,AR8,chest pressure,AR8.N1,Chest discomfort,10008469,Chest pressure,10008486,
VIZAMYL,AR9,hypersensitivity reactions,AR9.N1,Hypersensitivity,10020751,Hypersensitivity reaction,10020756,
VIZAMYL,AR10,radiation risk,AR10.N1,Exposure to radiation,10073306,,,
VIZAMYL,AR11,long-term cumulative radiation exposure,AR11.N1,Exposure to radiation,10073306,,,underspecified
VIZAMYL,AR12,cancer,AR12.N1,Neoplasm malignant,10028997,Cancer,10007050,
POTIGA,AR1,retinal abnormalities,AR1.N1,Retinal disorder,10038853,,,
POTIGA,AR2,vision loss,AR2.N1,Blindness,10005169,Vision loss,10047522,
POTIGA,AR3,urinary retention,AR3.N1,Urinary retention,10046555,,,
POTIGA,AR4,skin discoloration,AR4.N1,Skin discolouration,10040829,Skin discoloration,10040828,
POTIGA,AR5,neuropsychiatric symptoms,AR5.N1,,,,,unmapped
POTIGA,AR6,dizziness,AR6.N1,Dizziness,10013573,,,
POTIGA,AR7,somnolence,AR7.N1,Somnolence,10041349,,,
POTIGA,AR8,qt interval effect,AR8.N1,Electrocardiogram QT prolonged,10014387,QT interval prolonged,10037703,
POTIGA,AR9,suicidal behavior,AR9.N1,Suicidal behaviour,10065604,Suicidal behavior,10065607,
POTIGA,AR10,suicidal ideation,AR10.N1,Suicidal ideation,10042458,,,
POTIGA,AR11,withdrawal seizures,AR11.N1,Drug withdrawal convulsions,10013752,Withdrawal seizures,10048009,
POTIGA,AR12,fatigue,AR12.N1,Fatigue,10016256,,,
POTIGA,AR13,confusional state,AR13.N1,Confusional state,10010305,,,
POTIGA,AR14,vertigo,AR14.N1,Vertigo,10047340,,,
POTIGA,AR15,tremor,AR15.N1,Tremor,10044565,,,
POTIGA,AR16,abnormal coordination,AR16.N1,Coordination abnormal,10010947,,,
POTIGA,AR17,diplopia,AR17.N1,Diplopia,10013036,,,
POTIGA,AR18,disturbance in attention,AR18.N1,Disturbance in attention,10013496,,,
POTIGA,AR19,memory impairment,AR19.N1,Memory impairment,10027175,,,
POTIGA,AR20,asthenia,AR20.N1,Asthenia,10003549,,,
POTIGA,AR21,blurred vision,AR21.N1,Vision blurred,10047513,Blurred vision,10005886,
POTIGA,AR22,gait disturbance,AR22.N1,Gait disturbance,10017577,,,
POTIGA,AR23,aphasia,AR23.N1,Aphasia,10002948,,,
POTIGA,AR24,dysarthria,AR24.N1,Dysarthria,10013887,,,
POTIGA,AR25,balance disorder,AR25.N1,Balance disorder,10049848,,,
POTIGA,AR26,nausea,AR26.N1,Nausea,10028813,,,
POTIGA,AR27,constipation,AR27.N1,Constipation,10010774,,,
POTIGA,AR28,dyspepsia,AR28.N1,Dyspepsia,10013946,,,
POTIGA,AR29,influenza,AR29.N1,Influenza,10022000,,,
POTIGA,AR30,weight increased,AR30.N1,Weight increased,10047899,,,
POTIGA,AR31,paresthesia,AR31.N1,Paraesthesia,10033775,Paresthesia,10033987,
POTIGA,AR32,amnesia,AR32.N1,Amnesia,10001949,,,
POTIGA,AR33,dysphasia,AR33.N1,Aphasia,10002948,Dysphasia,10013951,
POTIGA,AR34,anxiety,AR34.N1,Anxiety,10002855,,,
POTIGA,AR35,disorientation,AR35.N1,Disorientation,10013395,,,
POTIGA,AR36,psychotic disorder,AR36.N1,Psychotic disorder,10061920,,,
POTIGA,AR37,dysuria,AR37.N1,Dysuria,10013990,,,
POTIGA,AR38,urinary hesitation,AR38.N1,Urinary hesitation,10046542,,,
POTIGA,AR39,hematuria,AR39.N1,Haematuria,10018867,Hematuria,10019450,
POTIGA,AR40,chromaturia,AR40.N1,Chromaturia,10008796,,,
POTIGA,AR41,increased appetite,AR41.N1,Increased appetite,10021654,,,
POTIGA,AR42,hallucinations,AR42.N1,Hallucination,10019063,Hallucinations,10019077,
POTIGA,AR43,myoclonus,AR43.N1,Myoclonus,10028622,,,
POTIGA,AR44,peripheral edema,AR44.N1,Oedema peripheral,10030124,Peripheral edema,10034570,
POTIGA,AR45,hypokinesia,AR45.N1,Hypokinesia,10021021,,,
POTIGA,AR46,dry mouth,AR46.N1,Dry mouth,10013781,,,
POTIGA,AR47,dysphagia,AR47.N1,Dysphagia,10013950,,,
POTIGA,AR48,hyperhydrosis,AR48.N1,Hyperhidrosis,10020642,,,
POTIGA,AR49,malaise,AR49.N1,Malaise,10025482,,,
POTIGA,AR50,increased liver enzymes,AR50.N1,Hepatic enzyme increased,10060795,Elevated liver enzymes,10014481,
POTIGA,AR51,weight gain,AR51.N1,Weight increased,10047899,Weight gain,10047896,
POTIGA,AR52,weight increasing,AR52.N1,Weight increased,10047899,,,
POTIGA,AR53,rash,AR53.N1,Rash,10037844,,,
POTIGA,AR54,nystagmus,AR54.N1,Nystagmus,10029864,,,
POTIGA,AR55,dyspnea,AR55.N1,Dyspnoea,10013968,Dyspnea,10013963,
POTIGA,AR56,leukopenia,AR56.N1,Leukopenia,10024384,,,
POTIGA,AR57,muscle spasms,AR57.N1,Muscle spasms,10028334,,,
POTIGA,AR58,alopecia,AR58.N1,Alopecia,10001760,,,
POTIGA,AR59,nephrolithiasis,AR59.N1,Nephrolithiasis,10029148,,,
POTIGA,AR60,syncope,AR60.N1,Syncope,10042772,,,
POTIGA,AR61,neutropenia,AR61.N1,Neutropenia,10029354,,,
POTIGA,AR62,thrombocytopenia,AR62.N1,Thrombocytopenia,10043554,,,
POTIGA,AR63,euphoric mood,AR63.N1,Euphoric mood,10015535,,,
POTIGA,AR64,renal colic,AR64.N1,Renal colic,10038419,,,
POTIGA,AR65,coma,AR65.N1,Coma,10010071,,,
POTIGA,AR66,encephalopathy,AR66.N1,Encephalopathy,10014625,,,
POTIGA,AR67,retinal abnormalities similar to retinal pigment dystrophies,AR67.N1,Retinal dystrophy,10038857,Pigmentary retinal dystrophy,10035017,
POTIGA,AR68,damage to the photoreceptors,AR68.N1,Retinal injury,10057430,Retinal damage,10038841,
POTIGA,AR69,abnormal visual acuity,AR69.N1,Visual acuity reduced,10047531,,,
POTIGA,AR70,retinal pigmentary abnormalities,AR70.N1,Retinal degeneration,10038845,Retinal pigment degeneration,10038892,
POTIGA,AR71,retinal abnormalities similar to pigment dystrophies,AR71.N1,Retinal dystrophy,10038857,Pigmentary retinal dystrophy,10035017,
POTIGA,AR72,qt prolongation,AR72.N1,Electrocardiogram QT prolonged,10014387,QT prolonged,10037705,
POTIGA,AR73,abnormalities of the retina,AR73.N1,Retinal disorder,10038853,Unspecified retinal disorder,10046146,
POTIGA,AR74,funduscopic features similar to retinal pigment dystrophies,AR74.N1,Retinal dystrophy,10038857,Pigmentary retinal dystrophy,10035017,
POTIGA,AR75,damage to photoreceptors,AR75.N1,Retinal injury,10057430,Retinal damage,10038841,
POTIGA,AR76,scleral discoloration,AR76.N1,Scleral discolouration,10039696,Scleral discoloration,10055535,
POTIGA,AR77,nail discoloration,AR77.N1,Nail discolouration,10028692,Nail discoloration,10028691,
POTIGA,AR78,mucous membrane discoloration,AR78.N1,Mucosal discolouration,10054877,Mucosal discoloration,10054905,
POTIGA,AR79,discoloration,AR79.N1,,,,,unmapped
POTIGA,AR80,funduscopic abnormalities,AR80.N1,,,,,unmapped
POTIGA,AR81,perivascular pigmentation in the retinal periphery,AR81.N1,Retinal pigmentation,10038894,Pigmentation retinal,10035027,underspecified
POTIGA,AR82,perivascular pigmentation bone spicule pattern in the retinal periphery,AR82.N1,Retinal pigmentation,10038894,Pigmentation retinal,10035027,underspecified
POTIGA,AR83,focal retinal pigment epithelium clumping,AR83.N1,Retinal degeneration,10038845,Retinal pigment clumping,10062964,
POTIGA,AR84,decreased visual acuity,AR84.N1,Visual acuity reduced,10047531,Visual acuity decreased,10049061,
POTIGA,AR85,retinal dystrophy,AR85.N1,Retinal dystrophy,10038857,,,
POTIGA,AR86,abnormalities in the electroretinogram,AR86.N1,Retinogram abnormal,10059663,Electroretinogram abnormal,10052533,
POTIGA,AR87,abnormalities in electrooculogram,AR87.N1,Electrooculogram abnormal,10014456,,,
POTIGA,AR88,abnormal fluorescein angiography,AR88.N1,Angiogram abnormal,10060956,Fluorescein angiography abnormal,10016813,
POTIGA,AR89,diminished sensitivity on visual field,AR89.N1,Visual field defect,10047555,,,
POTIGA,AR90,hydronephrosis,AR90.N1,Hydronephrosis,10020524,,,
POTIGA,AR91,renal function impairment,AR91.N1,Renal impairment,10062237,Impaired renal function,10021523,
POTIGA,AR92,discoloration of the palate,AR92.N1,Oral mucosal discolouration,10030996,Oral mucosal discoloration,10066247,
POTIGA,AR93,discoloration of the sclera,AR93.N1,Scleral discolouration,10039696,Scleral discoloration,10055535,
POTIGA,AR94,discoloration of the conjunctiva,AR94.N1,Conjunctival discolouration,10010712,Conjunctival discoloration,10010711,
POTIGA,AR95,lip discoloration,AR95.N1,Lip discolouration,10024549,Lip discoloration,10055532,
POTIGA,AR96,skin abnormalities,AR96.N1,Skin texture abnormal,10075267,,,
POTIGA,AR97,psychotic symptoms,AR97.N1,Psychotic behaviour,10037249,Psychotic behavior,10067568,
POTIGA,AR98,psychosis,AR98.N1,Psychotic disorder,10061920,Psychosis,10037234,
POTIGA,AR99,psychiatric symptoms,AR99.N1,Psychiatric symptom,10061472,,,
POTIGA,AR100,visual hallucinations,AR100.N1,"Hallucination, visual",10019075,Visual hallucinations,10047570,
POTIGA,AR101,auditory hallucinations,AR101.N1,"Hallucination, auditory",10019070,Auditory hallucinations,10003785,
POTIGA,AR102,mixed hallucinations,AR102.N1,"Hallucinations, mixed",10019079,,,
POTIGA,AR103,qt-prolonging,AR103.N1,Electrocardiogram QT prolonged,10014387,QT prolonged,10037705,
POTIGA,AR104,suicidal thoughts,AR104.N1,Suicidal ideation,10042458,,,
POTIGA,AR105,suicidal thinking,AR105.N1,Suicidal ideation,10042458,,,
POTIGA,AR106,suicides,AR106.N1,Completed suicide,10010144,Suicide,10042462,
POTIGA,AR107,suicidal behaviors,AR107.N1,Suicidal behaviour,10065604,Suicidal behavior,10065607,
BREO,AR1,death,AR1.N1,Death,10011906,,,
BREO,AR2,candida albicans infection,AR2.N1,Candida infection,10074170,Candida albicans infection,10054230,
BREO,AR3,pneumonia,AR3.N1,Pneumonia,10035664,,,
BREO,AR4,immunosuppression,AR4.N1,Immunosuppression,10062016,,,
BREO,AR5,hypercorticism,AR5.N1,Hyperadrenocorticism,10020564,Adrenal hypercorticism,10001365,
BREO,AR6,adrenal suppression,AR6.N1,Adrenal suppression,10001382,,,
BREO,AR7,reduction in bone mineral density,AR7.N1,Bone density decreased,10049470,,,
BREO,AR8,nasopharyngitis,AR8.N1,Nasopharyngitis,10028810,,,
BREO,AR9,upper respiratory tract infection,AR9.N1,Upper respiratory tract infection,10046306,,,
BREO,AR10,headache,AR10.N1,Headache,10019211,,,
BREO,AR11,oral candidiasis,AR11.N1,Oral candidiasis,10030963,,,
BREO,AR12,influenza,AR12.N1,Influenza,10022000,,,
BREO,AR13,bronchitis,AR13.N1,Bronchitis,10006451,,,
BREO,AR14,sinusitis,AR14.N1,Sinusitis,10040753,,,
BREO,AR15,oropharyngeal pain,AR15.N1,Oropharyngeal pain,10068319,,,
BREO,AR16,dysphonia,AR16.N1,Dysphonia,10013952,,,
BREO,AR17,cough,AR17.N1,Cough,10011224,,,
BREO,AR18,oropharyngeal candidiasis,AR18.N1,Oropharyngeal candidiasis,10050346,,,
BREO,AR19,candidiasis,AR19.N1,Candida infection,10074170,Candidiasis,10007152,
BREO,AR20,fungal oropharyngitis,AR20.N1,Oropharyngitis fungal,10061891,,,
BREO,AR21,back pain,AR21.N1,Back pain,10003988,,,
BREO,AR22,arthralgia,AR22.N1,Arthralgia,10003239,,,
BREO,AR23,pharyngitis,AR23.N1,Pharyngitis,10034835,,,
BREO,AR24,pyrexia,AR24.N1,Pyrexia,10037660,,,
BREO,AR25,viral respiratory tract infection,AR25.N1,Respiratory tract infection viral,10062106,,,
BREO,AR26,extrasystoles,AR26.N1,Extrasystoles,10015856,,,
BREO,AR27,upper abdominal pain,AR27.N1,Abdominal pain upper,10000087,Upper abdominal pain,10046272,
BREO,AR28,respiratory tract infection,AR28.N1,Respiratory tract infection,10062352,,,
BREO,AR29,allergic rhinitis,AR29.N1,Rhinitis allergic,10039085,Allergic rhinitis,10001723,
BREO,AR30,rhinitis,AR30.N1,Rhinitis,10039083,,,
BREO,AR31,supraventricular extrasystoles,AR31.N1,Supraventricular extrasystoles,10042602,,,
BREO,AR32,ventricular extrasystoles,AR32.N1,Ventricular extrasystoles,10047289,,,
BREO,AR33,acute sinusitis,AR33.N1,Acute sinusitis,10001076,,,
BREO,AR34,palpitations,AR34.N1,Palpitations,10033557,,,
BREO,AR35,tachycardia,AR35.N1,Tachycardia,10043071,,,
BREO,AR36,hypersensitivity reactions,AR36.N1,Hypersensitivity,10020751,Hypersensitivity reaction,10020756,
BREO,AR37,anaphylaxis,AR37.N1,Anaphylactic reaction,10002198,Anaphylaxis,10002218,
BREO,AR38,angioedema,AR38.N1,Angioedema,10002424,,,
BREO,AR39,rash,AR39.N1,Rash,10037844,,,
BREO,AR40,urticaria,AR40.N1,Urticaria,10046735,,,
BREO,AR41,muscle spasms,AR41.N1,Muscle spasms,10028334,,,
BREO,AR42,tremor,AR42.N1,Tremor,10044565,,,
BREO,AR43,nervousness,AR43.N1,Nervousness,10029216,,,
BREO,AR44,candida albicans infection of the mouth,AR44.N1,Candida infection,10074170,Candida albicans infection,10054230,
BREO,AR44,candida albicans infection of the mouth,AR44.N2,Oral fungal infection,10061324,Yeast infection of the mouth,10058087,
BREO,AR45,candida albicans infection of the pharynx,AR45.N1,Oropharyngeal candidiasis,10050346,Pharyngeal candidiasis,10049651,underspecified
BREO,AR46,worsening of infections,AR46.N1,Infection,10021789,Infection aggravated NOS,10021792,
BREO,AR47,worsening existing tuberculosis,AR47.N1,Tuberculosis,10044755,Tuberculosis aggravated,10044757,
BREO,AR48,worsening fungal infections,AR48.N1,Fungal infection,10017533,,,
BREO,AR49,worsening bacterial infections,AR49.N1,Bacterial infection,10060945,,,
BREO,AR50,worsening viral infections,AR50.N1,Viral infection,10047461,,,
BREO,AR51,worsening parasitic infections,AR51.N1,Infection parasitic,10021857,,,
BREO,AR52,worsening ocular herpes simplex,AR52.N1,Ophthalmic herpes simplex,10073938,Herpes simplex ophthalmic,10019958,
BREO,AR53,fatal,AR53.N1,Death,10011906,,,
BREO,AR54,chickenpox,AR54.N1,Varicella,10046980,Chickenpox,10008505,
BREO,AR55,measles,AR55.N1,Measles,10027011,,,
BREO,AR56,impaired adrenal function,AR56.N1,Adrenal disorder,10001347,Dysfunction adrenal,10013900,
BREO,AR57,infections of the mouth with candida albicans,AR57.N1,Oral candidiasis,10030963,Candida of mouth,10007138,
BREO,AR57,infections of the mouth with candida albicans,AR57.N2,Candida infection,10074170,Candida albicans infection,10054230,
BREO,AR58,infections of the pharynx with candida albicans,AR58.N1,Candida infection,10074170,Candida albicans infection,10054230,
BREO,AR58,infections of the pharynx with candida albicans,AR58.N2,Oropharyngeal candidiasis,10050346,Pharyngeal candidiasis,10049651,
BREO,AR59,pneumonias,AR59.N1,Pneumonia,10035664,,,
BREO,AR60,hpa dysfunction,AR60.N1,Hypothalamic pituitary adrenal axis suppression,10074052,,,
BREO,AR61,adrenal crisis,AR61.N1,Adrenocortical insufficiency acute,10001389,Adrenal crisis,10001346,
BREO,AR62,paradoxical bronchospasm,AR62.N1,Bronchospasm paradoxical,10006486,Paradoxical bronchospasm,10033770,
BREO,AR63,increases in pulse rate,AR63.N1,Heart rate increased,10019303,Pulse rate increased,10037490,
BREO,AR64,increases systolic blood pressure,AR64.N1,Blood pressure systolic increased,10005760,,,
BREO,AR65,increases diastolic blood pressure,AR65.N1,Blood pressure diastolic increased,10005739,,,
BREO,AR66,cardiac arrhythmias,AR66.N1,Arrhythmia,10003119,Cardiac arrhythmia,10007518,
BREO,AR67,supraventricular tachycardia,AR67.N1,Supraventricular tachycardia,10042604,,,
BREO,AR68,fatalities,AR68.N1,Death,10011906,,,
BREO,AR69,prolongation of the qtc interval,AR69.N1,Electrocardiogram QT prolonged,10014387,Electrocardiogram QTc interval prolonged,10053698,
BREO,AR70,ventricular arrhythmias,AR70.N1,Ventricular arrhythmia,10047281,,,
BREO,AR71,hypokalemia,AR71.N1,Hypokalaemia,10021015,Hypokalemia,10021018,
BREO,AR72,decrease in serum potassium,AR72.N1,Blood potassium decreased,10005724,Serum potassium decreased,10040378,
DOTAREM,AR1,hypersensitivity reactions,AR1.N1,Hypersensitivity,10020751,Hypersensitivity reaction,10020756,
DOTAREM,AR2,acute kidney injury,AR2.N1,Acute kidney injury,10069339,,,
DOTAREM,AR3,nausea,AR3.N1,Nausea,10028813,,,
DOTAREM,AR4,headache,AR4.N1,Headache,10019211,,,
DOTAREM,AR5,injection site pain,AR5.N1,Injection site pain,10022086,,,
DOTAREM,AR6,injection site coldness,AR6.N1,Injection site coldness,10050082,,,
DOTAREM,AR7,burning sensation,AR7.N1,Burning sensation,10006784,,,
DOTAREM,AR8,feeling cold,AR8.N1,Feeling cold,10016326,,,
DOTAREM,AR9,rash,AR9.N1,Rash,10037844,,,
DOTAREM,AR10,somnolence,AR10.N1,Somnolence,10041349,,,
DOTAREM,AR11,fatigue,AR11.N1,Fatigue,10016256,,,
DOTAREM,AR12,dizziness,AR12.N1,Dizziness,10013573,,,
DOTAREM,AR13,vomiting,AR13.N1,Vomiting,10047700,,,
DOTAREM,AR14,pruritus,AR14.N1,Pruritus,10037087,,,
DOTAREM,AR15,paresthesia,AR15.N1,Paraesthesia,10033775,Paresthesia,10033987,
DOTAREM,AR16,dysgeusia,AR16.N1,Dysgeusia,10013911,,,
DOTAREM,AR17,pain in extremity,AR17.N1,Pain in extremity,10033425,,,
DOTAREM,AR18,anxiety,AR18.N1,Anxiety,10002855,,,
DOTAREM,AR19,hypertension,AR19.N1,Hypertension,10020772,,,
DOTAREM,AR20,palpitations,AR20.N1,Palpitations,10033557,,,
DOTAREM,AR21,oropharyngeal discomfort,AR21.N1,Oropharyngeal discomfort,10068318,,,
DOTAREM,AR22,serum creatinine increased,AR22.N1,Blood creatinine increased,10005483,Serum creatinine increased,10040233,
DOTAREM,AR23,injection site reactions,AR23.N1,Injection site reaction,10022095,,,
DOTAREM,AR24,injection site inflammation,AR24.N1,Injection site inflammation,10022078,,,
DOTAREM,AR25,injection site extravasation,AR25.N1,Injection site extravasation,10022062,,,
DOTAREM,AR26,injection site pruritus,AR26.N1,Injection site pruritus,10022093,,,
DOTAREM,AR27,injection site warmth,AR27.N1,Injection site warmth,10022112,,,
DOTAREM,AR28,bradycardia,AR28.N1,Bradycardia,10006093,,,
DOTAREM,AR29,tachycardia,AR29.N1,Tachycardia,10043071,,,
DOTAREM,AR30,arrhythmia,AR30.N1,Arrhythmia,10003119,,,
DOTAREM,AR31,hypersensitivity,AR31.N1,Hypersensitivity,10020751,,,
DOTAREM,AR32,anaphylactoid reactions,AR32.N1,Anaphylactoid reaction,10002216,,,
DOTAREM,AR33,cardiac arrest,AR33.N1,Cardiac arrest,10007515,,,
DOTAREM,AR34,respiratory arrest,AR34.N1,Respiratory arrest,10038669,,,
DOTAREM,AR35,cyanosis,AR35.N1,Cyanosis,10011703,,,
DOTAREM,AR36,pharyngeal edema,AR36.N1,Pharyngeal oedema,10034829,Pharyngeal edema,10054544,
DOTAREM,AR37,laryngospasm,AR37.N1,Laryngospasm,10023891,,,
DOTAREM,AR38,bronchospasm,AR38.N1,Bronchospasm,10006482,,,
DOTAREM,AR39,angioedema,AR39.N1,Angioedema,10002424,,,
DOTAREM,AR40,conjunctivitis,AR40.N1,Conjunctivitis,10010741,,,
DOTAREM,AR41,ocular hyperemia,AR41.N1,Ocular hyperaemia,10030041,Ocular hyperemia,10030042,
DOTAREM,AR42,eyelid edema,AR42.N1,Eyelid oedema,10015993,Eyelid edema,10015985,
DOTAREM,AR43,lacrimation increased,AR43.N1,Lacrimation increased,10023644,,,
DOTAREM,AR44,hyperhidrosis,AR44.N1,Hyperhidrosis,10020642,,,
DOTAREM,AR45,urticaria,AR45.N1,Urticaria,10046735,,,
DOTAREM,AR46,coma,AR46.N1,Coma,10010071,,,
DOTAREM,AR47,convulsion,AR47.N1,Seizure,10039906,Convulsion,10010904,
DOTAREM,AR48,syncope,AR48.N1,Syncope,10042772,,,
DOTAREM,AR49,presyncope,AR49.N1,Presyncope,10036653,,,
DOTAREM,AR50,parosmia,AR50.N1,Parosmia,10034018,,,
DOTAREM,AR51,tremor,AR51.N1,Tremor,10044565,,,
DOTAREM,AR52,muscle contracture,AR52.N1,Muscle contracture,10062575,,,
DOTAREM,AR53,muscle weakness,AR53.N1,Muscular weakness,10028372,Muscle weakness,10028350,
DOTAREM,AR54,diarrhea,AR54.N1,Diarrhoea,10012735,Diarrhea,10012727,
DOTAREM,AR55,salivary hypersecretion,AR55.N1,Salivary hypersecretion,10039424,,,
DOTAREM,AR56,malaise,AR56.N1,Malaise,10025482,,,
DOTAREM,AR57,fever,AR57.N1,Pyrexia,10037660,Fever,10016558,
DOTAREM,AR58,superficial phlebitis,AR58.N1,Phlebitis superficial,10034902,,,
DOTAREM,AR59,nephrogenic systemic fibrosis,AR59.N1,Nephrogenic systemic fibrosis,10067467,,,
DOTAREM,AR60,nsf,AR60.N1,Nephrogenic systemic fibrosis,10067467,,,
DOTAREM,AR61,fatal,AR61.N1,Death,10011906,,,
DOTAREM,AR62,fibrosis,AR62.N1,Fibrosis,10016642,,,
DOTAREM,AR63,anaphylactic reactions,AR63.N1,Anaphylactic reaction,10002198,,,
DOTAREM,AR64,cardiovascular manifestations,AR64.N1,Cardiovascular symptom,10075534,,,
DOTAREM,AR65,respiratory manifestations,AR65.N1,Respiratory symptom,10075535,,,
DOTAREM,AR66,cutaneous manifestations,AR66.N1,Cutaneous symptom,10075531,,,
DOTAREM,AR67,death,AR67.N1,Death,10011906,,,
DOTAREM,AR68,circulatory collapse,AR68.N1,Circulatory collapse,10009192,,,
DOTAREM,AR69,died,AR69.N1,Death,10011906,,,
DOTAREM,AR70,hypersensitivity reaction,AR70.N1,Hypersensitivity,10020751,Hypersensitivity reaction,10020756,
DOTAREM,AR71,administration tissue irritation,AR71.N1,Administration site irritation,10075941,,,
NESINA,AR1,nasopharyngitis,AR1.N1,Nasopharyngitis,10028810,,,
NESINA,AR2,headache,AR2.N1,Headache,10019211,,,
NESINA,AR3,upper respiratory tract infection,AR3.N1,Upper respiratory tract infection,10046306,,,
NESINA,AR4,pancreatitis,AR4.N1,Pancreatitis,10033645,,,
NESINA,AR5,hypersensitivity reactions,AR5.N1,Hypersensitivity,10020751,Hypersensitivity reaction,10020756,
NESINA,AR6,serum sickness,AR6.N1,Serum sickness,10040400,,,
NESINA,AR7,hypoglycemic events,AR7.N1,Hypoglycaemia,10020993,,,
NESINA,AR8,hypoglycemia,AR8.N1,Hypoglycaemia,10020993,Hypoglycemia,10021005,
NESINA,AR9,anaphylaxis,AR9.N1,Anaphylactic reaction,10002198,Anaphylaxis,10002218,
NESINA,AR10,angioedema,AR10.N1,Angioedema,10002424,,,
NESINA,AR11,rash,AR11.N1,Rash,10037844,,,
NESINA,AR12,urticaria,AR12.N1,Urticaria,10046735,,,
NESINA,AR13,cutaneous adverse reactions,AR13.N1,Skin reaction,10040914,,,
NESINA,AR14,stevens-johnson syndrome,AR14.N1,Stevens-Johnson syndrome,10042033,,,
NESINA,AR15,hepatic enzyme elevations,AR15.N1,Hepatic enzyme increased,10060795,,,
NESINA,AR16,fulminant hepatic failure,AR16.N1,Acute hepatic failure,10000804,Fulminant hepatic failure,10017469,
NESINA,AR17,arthralgia,AR17.N1,Arthralgia,10003239,,,
NESINA,AR18,acute pancreatitis,AR18.N1,Pancreatitis acute,10033647,Acute pancreatitis,10000971,
NESINA,AR19,hypersensitivity,AR19.N1,Hypersensitivity,10020751,,,
NESINA,AR20,hepatic effects,AR20.N1,Hepatotoxicity,10019851,Hepatotoxic effect,10019850,
NESINA,AR21,hepatic failure,AR21.N1,Hepatic failure,10019663,,,
NESINA,AR22,fatal,AR22.N1,Death,10011906,,,
NESINA,AR23,serum alanine aminotransferase elevations,AR23.N1,Alanine aminotransferase increased,10001551,,,
NESINA,AR24,alt elevations,AR24.N1,Alanine aminotransferase increased,10001551,ALT increased,10001845,
EYLEA,AR1,endophthalmitis,AR1.N1,Endophthalmitis,10014801,,,
EYLEA,AR2,retinal detachments,AR2.N1,Retinal detachment,10038848,,,
EYLEA,AR3,increased intraocular pressure,AR3.N1,Intraocular pressure increased,10022806,Increased intraocular pressure,10021667,
EYLEA,AR4,thromboembolic events,AR4.N1,Embolism,10061169,Thromboembolic event,10043565,
EYLEA,AR5,conjunctival hemorrhage,AR5.N1,Conjunctival haemorrhage,10010719,Conjunctival hemorrhage,10010720,
EYLEA,AR6,eye pain,AR6.N1,Eye pain,10015958,,,
EYLEA,AR7,cataract,AR7.N1,Cataract,10007739,,,
EYLEA,AR8,vitreous floaters,AR8.N1,Vitreous floaters,10047654,,,
EYLEA,AR9,intraocular pressure increased,AR9.N1,Intraocular pressure increased,10022806,,,
EYLEA,AR10,vitreous detachment,AR10.N1,Vitreous detachment,10047650,,,
EYLEA,AR11,retinal detachment,AR11.N1,Retinal detachment,10038848,,,
EYLEA,AR12,ocular hyperemia,AR12.N1,Ocular hyperaemia,10030041,Ocular hyperemia,10030042,
EYLEA,AR13,corneal epithelium defect,AR13.N1,Corneal epithelium defect,10011010,,,
EYLEA,AR14,detachment of the retinal pigment epithelium,AR14.N1,Detachment of retinal pigment epithelium,10052501,,,
EYLEA,AR15,injection site pain,AR15.N1,Injection site pain,10022086,,,
EYLEA,AR16,foreign body sensation in eyes,AR16.N1,Foreign body sensation in eyes,10051116,,,
EYLEA,AR17,lacrimation increased,AR17.N1,Lacrimation increased,10023644,,,
EYLEA,AR18,vision blurred,AR18.N1,Vision blurred,10047513,,,
EYLEA,AR19,intraocular inflammation,AR19.N1,Eye inflammation,10015943,,,
EYLEA,AR20,retinal pigment epithelium tear,AR20.N1,Retinal pigment epithelial tear,10062971,,,
EYLEA,AR21,injection site hemorrhage,AR21.N1,Injection site haemorrhage,10022067,Injection site hemorrhage,10022068,
EYLEA,AR22,eyelid edema,AR22.N1,Eyelid oedema,10015993,Eyelid edema,10015985,
EYLEA,AR23,corneal edema,AR23.N1,Corneal oedema,10011033,Corneal edema,10011007,
EYLEA,AR24,hypersensitivity,AR24.N1,Hypersensitivity,10020751,,,
EYLEA,AR25,retinal tear,AR25.N1,Retinal tear,10038897,,,
EYLEA,AR26,increases in intraocular pressure,AR26.N1,Intraocular pressure increased,10022806,Increased intraocular pressure,10021667,
EYLEA,AR27,acute increases in intraocular pressure,AR27.N1,Intraocular pressure increased,10022806,Acute intraocular pressure increase,10074448,
EYLEA,AR28,arterial thromboembolic events,AR28.N1,Embolism arterial,10014513,Arterial thromboembolism,10073529,
EYLEA,AR29,ates,AR29.N1,Embolism arterial,10014513,Arterial thromboembolism,10073529,
TECFIDERA,AR1,anaphylaxis,AR1.N1,Anaphylactic reaction,10002198,Anaphylaxis,10002218,
TECFIDERA,AR2,angioedema,AR2.N1,Angioedema,10002424,,,
TECFIDERA,AR3,progressive multifocal leukoencephalopathy,AR3.N1,Progressive multifocal leukoencephalopathy,10036807,,,
TECFIDERA,AR4,lymphopenia,AR4.N1,Lymphopenia,10025327,,,
TECFIDERA,AR5,flushing,AR5.N1,Flushing,10016825,,,
TECFIDERA,AR6,abdominal pain,AR6.N1,Abdominal pain,10000081,,,
TECFIDERA,AR7,diarrhea,AR7.N1,Diarrhoea,10012735,Diarrhea,10012727,
TECFIDERA,AR8,nausea,AR8.N1,Nausea,10028813,,,
TECFIDERA,AR9,vomiting,AR9.N1,Vomiting,10047700,,,
TECFIDERA,AR10,pruritus,AR10.N1,Pruritus,10037087,,,
TECFIDERA,AR11,rash,AR11.N1,Rash,10037844,,,
TECFIDERA,AR12,albumin urine present,AR12.N1,Albumin urine present,10001582,,,
TECFIDERA,AR13,erythema,AR13.N1,Erythema,10015150,,,
TECFIDERA,AR14,dyspepsia,AR14.N1,Dyspepsia,10013946,,,
TECFIDERA,AR15,aspartate aminotransferase increased,AR15.N1,Aspartate aminotransferase increased,10003481,,,
TECFIDERA,AR16,gi events,AR16.N1,Gastrointestinal disorder,10017944,Gastrointestinal symptom NOS,10018011,
TECFIDERA,AR17,gastrointestinal events,AR17.N1,Gastrointestinal disorder,10017944,Gastrointestinal symptom NOS,10018011,
TECFIDERA,AR18,elevations of hepatic transaminases,AR18.N1,Transaminases increased,10054889,,,
TECFIDERA,AR19,elevations of alanine aminotransferase,AR19.N1,Alanine aminotransferase increased,10001551,,,
TECFIDERA,AR20,elevations of aspartate aminotransferase,AR20.N1,Aspartate aminotransferase increased,10003481,,,
TECFIDERA,AR21,elevated hepatic transaminases,AR21.N1,Transaminases increased,10054889,,,
TECFIDERA,AR22,increase in mean eosinophil counts,AR22.N1,Eosinophil count increased,10014945,,,
TECFIDERA,AR23,pml,AR23.N1,Progressive multifocal leukoencephalopathy,10036807,,,
TECFIDERA,AR24,difficulty breathing,AR24.N1,Dyspnoea,10013968,Difficulty breathing,10012791,
TECFIDERA,AR25,urticaria,AR25.N1,Urticaria,10046735,,,
TECFIDERA,AR26,swelling of the throat,AR26.N1,Pharyngeal oedema,10034829,Throat swelling,10043525,
TECFIDERA,AR27,swelling of the tongue,AR27.N1,Swollen tongue,10042727,Swelling of tongue,10042706,
TECFIDERA,AR28,fatal,AR28.N1,Death,10011906,,,
TECFIDERA,AR29,decrease lymphocyte counts,AR29.N1,Lymphocyte count decreased,10025256,,,
TECFIDERA,AR30,lymphocyte counts decreased,AR30.N1,Lymphocyte count decreased,10025256,,,
TECFIDERA,AR31,lymphocyte counts <0.5x10 9 /l,AR31.N1,Lymphocyte count decreased,10025256,Lymphocyte count low,10025259,
TECFIDERA,AR32,infections,AR32.N1,Infection,10021789,,,
TECFIDERA,AR33,prolonged lymphopenia,AR33.N1,Lymphopenia,10025327,,,underspecified
TECFIDERA,AR34,lymphocyte counts <0.5 x 10 9 /l,AR34.N1,Lymphocyte count decreased,10025256,Lymphocyte count low,10025259,
TECFIDERA,AR35,warmth,AR35.N1,Feeling hot,10016334,Warmth,10047824,
TECFIDERA,AR36,redness,AR36.N1,Erythema,10015150,Redness,10038198,
TECFIDERA,AR37,itching,AR37.N1,Pruritus,10037087,Itching,10023084,
TECFIDERA,AR38,burning sensation,AR38.N1,Burning sensation,10006784,,,
TREANDA,AR1,myelosuppression,AR1.N1,Bone marrow failure,10065553,Myelosuppression,10028584,
TREANDA,AR2,infections,AR2.N1,Infection,10021789,,,
TREANDA,AR3,anaphylaxis,AR3.N1,Anaphylactic reaction,10002198,Anaphylaxis,10002218,
TREANDA,AR4,infusion reactions,AR4.N1,Infusion related reaction,10051792,,,
TREANDA,AR5,tumor lysis syndrome,AR5.N1,Tumour lysis syndrome,10045170,Tumor lysis syndrome,10045152,
TREANDA,AR6,skin reactions,AR6.N1,Skin reaction,10040914,,,
TREANDA,AR7,malignancies,AR7.N1,Neoplasm malignant,10028997,,,
TREANDA,AR8,extravasation injury,AR8.N1,Extravasation,10015866,,,
TREANDA,AR9,pyrexia,AR9.N1,Pyrexia,10037660,,,
TREANDA,AR10,nausea,AR10.N1,Nausea,10028813,,,
TREANDA,AR11,vomiting,AR11.N1,Vomiting,10047700,,,
TREANDA,AR12,fatigue,AR12.N1,Fatigue,10016256,,,
TREANDA,AR13,diarrhea,AR13.N1,Diarrhoea,10012735,Diarrhea,10012727,
TREANDA,AR14,constipation,AR14.N1,Constipation,10010774,,,
TREANDA,AR15,anorexia,AR15.N1,Decreased appetite,10061428,Anorexia,10002646,
TREANDA,AR16,cough,AR16.N1,Cough,10011224,,,
TREANDA,AR17,headache,AR17.N1,Headache,10019211,,,
TREANDA,AR18,weight decreased,AR18.N1,Weight decreased,10047895,,,
TREANDA,AR19,dyspnea,AR19.N1,Dyspnoea,10013968,Dyspnea,10013963,
TREANDA,AR20,rash,AR20.N1,Rash,10037844,,,
TREANDA,AR21,stomatitis,AR21.N1,Stomatitis,10042128,,,
TREANDA,AR22,hematologic abnormalities,AR22.N1,Haematology test abnormal,10057755,Hematology test abnormal,10057760,
TREANDA,AR23,lymphopenia,AR23.N1,Lymphopenia,10025327,,,
TREANDA,AR24,anemia,AR24.N1,Anaemia,10002034,Anemia,10002272,
TREANDA,AR25,leukopenia,AR25.N1,Leukopenia,10024384,,,
TREANDA,AR26,thrombocytopenia,AR26.N1,Thrombocytopenia,10043554,,,
TREANDA,AR27,neutropenia,AR27.N1,Neutropenia,10029354,,,
TREANDA,AR28,asthenia,AR28.N1,Asthenia,10003549,,,
TREANDA,AR29,malaise,AR29.N1,Malaise,10025482,,,
TREANDA,AR30,weakness,AR30.N1,Asthenia,10003549,Weakness,10047862,
TREANDA,AR31,dry mouth,AR31.N1,Dry mouth,10013781,,,
TREANDA,AR32,somnolence,AR32.N1,Somnolence,10041349,,,
TREANDA,AR33,mucosal inflammation,AR33.N1,Mucosal inflammation,10028116,,,
TREANDA,AR34,worsening hypertension,AR34.N1,Hypertension,10020772,Hypertension worsened,10020799,
TREANDA,AR35,hypertensive crisis,AR35.N1,Hypertensive crisis,10020802,,,
TREANDA,AR36,hypersensitivity,AR36.N1,Hypersensitivity,10020751,,,
TREANDA,AR37,chills,AR37.N1,Chills,10008531,,,
TREANDA,AR38,nasopharyngitis,AR38.N1,Nasopharyngitis,10028810,,,
TREANDA,AR39,infection,AR39.N1,Infection,10021789,,,
TREANDA,AR40,herpes simplex,AR40.N1,Herpes simplex,10019948,,,
TREANDA,AR41,hyperuricemia,AR41.N1,Hyperuricaemia,10020903,Hyperuricemia,10020907,
TREANDA,AR42,pruritus,AR42.N1,Pruritus,10037087,,,
TREANDA,AR43,myelosuppressive effects,AR43.N1,Bone marrow failure,10065553,Myelosuppression,10028584,
TREANDA,AR44,hemoglobin decreased,AR44.N1,Haemoglobin decreased,10018884,Hemoglobin decreased,10019483,
TREANDA,AR45,platelets decreased,AR45.N1,Platelet count decreased,10035528,Platelets decreased,10035545,
TREANDA,AR46,leukocytes decreased,AR46.N1,White blood cell count decreased,10047942,Leukocyte count decreased,10048552,
TREANDA,AR47,lymphocytes decreased,AR47.N1,Lymphocyte count decreased,10025256,,,
TREANDA,AR48,neutrophils decreased,AR48.N1,Neutrophil count decreased,10029366,,,
TREANDA,AR49,bilirubin elevations,AR49.N1,Blood bilirubin increased,10005364,Bilirubin elevated,10004688,
TREANDA,AR50,elevations in alt,AR50.N1,Alanine aminotransferase increased,10001551,ALT increased,10001845,
TREANDA,AR51,increased bilirubin,AR51.N1,Blood bilirubin increased,10005364,Bilirubin increased,10004690,
TREANDA,AR52,increases in ast,AR52.N1,Aspartate aminotransferase increased,10003481,AST increased,10003544,
TREANDA,AR53,increases in alt,AR53.N1,Alanine aminotransferase increased,10001551,ALT increased,10001845,
TREANDA,AR54,changes in creatinine levels,AR54.N1,Blood creatinine abnormal,10005481,Creatinine abnormal NOS,10011359,
TREANDA,AR55,febrile neutropenia,AR55.N1,Febrile neutropenia,10016288,,,
TREANDA,AR56,pneumonia,AR56.N1,Pneumonia,10035664,,,
TREANDA,AR57,hypokalemia,AR57.N1,Hypokalaemia,10021015,Hypokalemia,10021018,
TREANDA,AR58,dehydration,AR58.N1,Dehydration,10012174,,,
TREANDA,AR59,tachycardia,AR59.N1,Tachycardia,10043071,,,
TREANDA,AR60,abdominal pain,AR60.N1,Abdominal pain,10000081,,,
TREANDA,AR61,dyspepsia,AR61.N1,Dyspepsia,10013946,,,
TREANDA,AR62,gastroesophageal reflux disease,AR62.N1,Gastrooesophageal reflux disease,10017885,Gastroesophageal reflux disease,10066874,
TREANDA,AR63,abdominal pain upper,AR63.N1,Abdominal pain upper,10000087,,,
TREANDA,AR64,abdominal distension,AR64.N1,Abdominal distension,10000060,,,
TREANDA,AR65,edema peripheral,AR65.N1,Oedema peripheral,10030124,Edema peripheral,10014251,
TREANDA,AR66,chest pain,AR66.N1,Chest pain,10008479,,,
TREANDA,AR67,infusion site pain,AR67.N1,Infusion site pain,10053483,,,
TREANDA,AR68,pain,AR68.N1,Pain,10033371,,,
TREANDA,AR69,catheter site pain,AR69.N1,Catheter site pain,10052268,,,
TREANDA,AR70,herpes zoster,AR70.N1,Herpes zoster,10019974,,,
TREANDA,AR71,upper respiratory tract infection,AR71.N1,Upper respiratory tract infection,10046306,,,
TREANDA,AR72,urinary tract infection,AR72.N1,Urinary tract infection,10046571,,,
TREANDA,AR73,sinusitis,AR73.N1,Sinusitis,10040753,,,
TREANDA,AR74,oral candidiasis,AR74.N1,Oral candidiasis,10030963,,,
TREANDA,AR75,decreased appetite,AR75.N1,Decreased appetite,10061428,,,
TREANDA,AR76,back pain,AR76.N1,Back pain,10003988,,,
TREANDA,AR77,arthralgia,AR77.N1,Arthralgia,10003239,,,
TREANDA,AR78,pain in extremity,AR78.N1,Pain in extremity,10033425,,,
TREANDA,AR79,bone pain,AR79.N1,Bone pain,10006002,,,
TREANDA,AR80,dizziness,AR80.N1,Dizziness,10013573,,,
TREANDA,AR81,dysgeusia,AR81.N1,Dysgeusia,10013911,,,
TREANDA,AR82,insomnia,AR82.N1,Insomnia,10022437,,,
TREANDA,AR83,anxiety,AR83.N1,Anxiety,10002855,,,
TREANDA,AR84,depression,AR84.N1,Depression,10012378,,,
TREANDA,AR85,pharyngolaryngeal pain,AR85.N1,Laryngeal pain,10023848,Pharyngolaryngeal pain,10034844,
TREANDA,AR86,wheezing,AR86.N1,Wheezing,10047924,,,
TREANDA,AR87,nasal congestion,AR87.N1,Nasal congestion,10028735,,,
TREANDA,AR88,dry skin,AR88.N1,Dry skin,10013786,,,
TREANDA,AR89,night sweats,AR89.N1,Night sweats,10029410,,,
TREANDA,AR90,hyperhidrosis,AR90.N1,Hyperhidrosis,10020642,,,
TREANDA,AR91,hypotension,AR91.N1,Hypotension,10021097,,,
TREANDA,AR92,hematologic toxicities,AR92.N1,Haematotoxicity,10061188,Hematotoxicity,10061196,
TREANDA,AR93,hyperglycemia,AR93.N1,Hyperglycaemia,10020635,Hyperglycemia,10020639,
TREANDA,AR94,elevated creatinine,AR94.N1,Blood creatinine increased,10005483,Creatinine increased,10011368,
TREANDA,AR95,hyponatremia,AR95.N1,Hyponatraemia,10021036,Hyponatremia,10021038,
TREANDA,AR96,hypocalcemia,AR96.N1,Hypocalcaemia,10020947,Hypocalcemia,10020949,
TREANDA,AR97,acute renal failure,AR97.N1,Acute kidney injury,10069339,Acute renal failure,10001041,
TREANDA,AR98,cardiac failure,AR98.N1,Cardiac failure,10007554,,,
TREANDA,AR99,pulmonary fibrosis,AR99.N1,Pulmonary fibrosis,10037383,,,
TREANDA,AR100,myelodysplastic syndrome,AR100.N1,Myelodysplastic syndrome,10028533,,,
TREANDA,AR101,hemolysis,AR101.N1,Haemolysis,10018910,Hemolysis,10019491,
TREANDA,AR102,taste disorder,AR102.N1,Dysgeusia,10013911,Taste abnormality,10043123,HLT
TREANDA,AR103,atypical pneumonia,AR103.N1,Atypical pneumonia,10003757,,,
TREANDA,AR104,sepsis,AR104.N1,Sepsis,10040047,,,
TREANDA,AR105,erythema,AR105.N1,Erythema,10015150,,,
TREANDA,AR106,dermatitis,AR106.N1,Dermatitis,10012431,,,
TREANDA,AR107,skin necrosis,AR107.N1,Skin necrosis,10040893,,,
TREANDA,AR108,injection site reactions,AR108.N1,Injection site reaction,10022095,,,
TREANDA,AR109,injection site phlebitis,AR109.N1,Injection site phlebitis,10022090,,,
TREANDA,AR110,injection site pruritus,AR110.N1,Injection site pruritus,10022093,,,
TREANDA,AR111,injection site irritation,AR111.N1,Injection site irritation,10022079,,,
TREANDA,AR112,injection site pain,AR112.N1,Injection site pain,10022086,,,
TREANDA,AR113,injection site swelling,AR113.N1,Injection site swelling,10053425,,,
TREANDA,AR114,infusion site reactions,AR114.N1,Infusion site reaction,10054996,,,
TREANDA,AR115,infusion site phlebitis,AR115.N1,Infusion site phlebitis,10053663,,,
TREANDA,AR116,infusion site pruritus,AR116.N1,Infusion site pruritus,10053664,,,
TREANDA,AR117,infusion site irritation,AR117.N1,Infusion site irritation,10065473,,,
TREANDA,AR118,infusion site swelling,AR118.N1,Infusion site swelling,10053505,,,
TREANDA,AR119,pneumocystis jiroveci pneumonia,AR119.N1,Pneumocystis jirovecii pneumonia,10073755,Pneumocystis jiroveci pneumonia,10064108,
TREANDA,AR120,pneumonitis,AR120.N1,Pneumonitis,10035742,,,
TREANDA,AR121,sjs,AR121.N1,Stevens-Johnson syndrome,10042033,,,
TREANDA,AR122,ten,AR122.N1,Toxic epidermal necrolysis,10044223,TEN,10043221,
TREANDA,AR123,death,AR123.N1,Death,10011906,,,
TREANDA,AR124,anaphylactic reactions,AR124.N1,Anaphylactic reaction,10002198,,,
TREANDA,AR125,fatal,AR125.N1,Death,10011906,,,
TREANDA,AR126,pre-malignant diseases,AR126.N1,Precancerous cells present,10049673,,,
TREANDA,AR127,malignant diseases,AR127.N1,Neoplasm malignant,10028997,,,
TREANDA,AR128,extravasation,AR128.N1,Extravasation,10015866,,,
TREANDA,AR129,embryo-fetal toxicity,AR129.N1,Maternal drugs affecting foetus,10026923,Drug toxicity NEC affecting foetus,10013750,
TREANDA,AR130,fetal harm,AR130.N1,Foetal damage,10016852,Fetal damage,10054743,
TREANDA,AR131,died,AR131.N1,Death,10011906,,,
TREANDA,AR132,myelosuppression-related adverse reactions,AR132.N1,Bone marrow failure,10065553,Myelosuppression,10028584,
TREANDA,AR133,neutropenic sepsis,AR133.N1,Neutropenic sepsis,10049151,,,
TREANDA,AR134,diffuse alveolar hemorrhage,AR134.N1,Pulmonary alveolar haemorrhage,10037313,Pulmonary alveolar hemorrhage,10037314,
TREANDA,AR135,opportunistic infection,AR135.N1,Opportunistic infection,10030901,,,
TREANDA,AR136,infection cmv,AR136.N1,Cytomegalovirus infection,10011831,CMV infection,10009703,
TREANDA,AR137,septic shock,AR137.N1,Septic shock,10040070,,,
TREANDA,AR138,fever,AR138.N1,Pyrexia,10037660,Fever,10016558,
TREANDA,AR139,anaphylactoid reactions,AR139.N1,Anaphylactoid reaction,10002216,,,
TREANDA,AR140,skin toxicity,AR140.N1,Skin toxicity,10059516,,,
TREANDA,AR141,toxic skin reactions,AR141.N1,Toxic skin eruption,10057970,Toxicoderma,10044259,
TREANDA,AR142,bullous exanthema,AR142.N1,Dermatitis bullous,10012441,Rash bullous,10037852,
TREANDA,AR143,toxic epidermal necrolysis,AR143.N1,Toxic epidermal necrolysis,10044223,,,
TREANDA,AR144,stevens-johnson syndrome,AR144.N1,Stevens-Johnson syndrome,10042033,,,
TREANDA,AR145,myeloproliferative disorders,AR145.N1,Myeloproliferative disorder,10028576,,,
TREANDA,AR146,acute myeloid leukemia,AR146.N1,Acute myeloid leukaemia,10000880,Acute myeloid leukemia,10000886,
TREANDA,AR147,bronchial carcinoma,AR147.N1,Bronchial carcinoma,10006417,,,
TREANDA,AR148,extravasations,AR148.N1,Extravasation,10015866,,,
TREANDA,AR149,swelling,AR149.N1,Swelling,10042674,,,
ELIQUIS,AR1,thrombotic events,AR1.N1,Thrombosis,10043607,,,
ELIQUIS,AR2,bleeding,AR2.N1,Haemorrhage,10055798,Bleeding,10005103,
ELIQUIS,AR3,bleeding-related adverse reactions,AR3.N1,Haemorrhage,10055798,Bleeding,10005103,
ELIQUIS,AR4,decrease in hemoglobin,AR4.N1,Haemoglobin decreased,10018884,Decreased hemoglobin,10011964,
ELIQUIS,AR5,bleeding at a critical site,AR5.N1,Haemorrhage,10055798,Bleeding,10005103,
ELIQUIS,AR6,bleeding intracranial,AR6.N1,Haemorrhage intracranial,10018985,Bleeding intracranial,10005121,
ELIQUIS,AR7,bleeding intraspinal,AR7.N1,Spinal cord haemorrhage,10048992,Intraspinal bleeding,10073572,
ELIQUIS,AR8,bleeding intraocular,AR8.N1,Eye haemorrhage,10015926,Hemorrhage intraocular,10019553,
ELIQUIS,AR9,bleeding pericardial,AR9.N1,Pericardial haemorrhage,10034476,Pericardial bleeding,10071860,
ELIQUIS,AR10,bleeding intra-articular,AR10.N1,Haemarthrosis,10018829,Hemarthrosis,10019409,
ELIQUIS,AR11,bleeding intramuscular,AR11.N1,Muscle haemorrhage,10028309,Muscle bleeding,10071842,
ELIQUIS,AR12,bleeding retroperitoneal,AR12.N1,Retroperitoneal haemorrhage,10038980,Retroperitoneal bleeding,10071878,
ELIQUIS,AR13,compartment syndrome,AR13.N1,Compartment syndrome,10010121,,,
ELIQUIS,AR14,fatal outcome,AR14.N1,Death,10011906,,,
ELIQUIS,AR15,intracranial bleed,AR15.N1,Haemorrhage intracranial,10018985,Bleeding intracranial,10005121,
ELIQUIS,AR16,intracerebral bleeding,AR16.N1,Cerebral haemorrhage,10008111,Cerebral hemorrhage,10008114,
ELIQUIS,AR17,intraventricular bleeding,AR17.N1,Intraventricular haemorrhage,10022840,Intraventricular bleeding,10071830,
ELIQUIS,AR18,subdural bleeding,AR18.N1,Subdural haemorrhage,10042364,Subdural bleeding,10071893,
ELIQUIS,AR19,subarachnoid bleeding,AR19.N1,Subarachnoid haemorrhage,10042316,Subarachnoid bleeding,10071890,
ELIQUIS,AR20,hemorrhagic stroke,AR20.N1,Haemorrhagic stroke,10019016,Hemorrhagic stroke,10048863,
ELIQUIS,AR21,gi bleed,AR21.N1,Gastrointestinal haemorrhage,10017955,GI bleed,10018230,
ELIQUIS,AR22,upper gi bleeding,AR22.N1,Upper gastrointestinal haemorrhage,10046274,Upper gastrointestinal bleeding,10071910,
ELIQUIS,AR23,lower gi bleeding,AR23.N1,Lower gastrointestinal haemorrhage,10050953,Lower gastrointestinal bleeding,10071838,
ELIQUIS,AR24,rectal bleeding,AR24.N1,Rectal haemorrhage,10038063,Rectal bleeding,10038035,
ELIQUIS,AR25,fatal,AR25.N1,Death,10011906,,,
ELIQUIS,AR26,death,AR26.N1,Death,10011906,,,
ELIQUIS,AR27,intracranial bleeding,AR27.N1,Haemorrhage intracranial,10018985,Bleeding intracranial,10005121,
ELIQUIS,AR28,non-intracranial bleeding,AR28.N1,Haemorrhage,10055798,Bleeding,10005103,
ELIQUIS,AR29,ich,AR29.N1,Haemorrhage intracranial,10018985,Intracranial hemorrhage,10022763,
ELIQUIS,AR30,bled,AR30.N1,Haemorrhage,10055798,Bleeding,10005103,
ELIQUIS,AR31,hypersensitivity reactions,AR31.N1,Hypersensitivity,10020751,Hypersensitivity reaction,10020756,
ELIQUIS,AR32,drug hypersensitivity,AR32.N1,Drug hypersensitivity,10013700,,,
ELIQUIS,AR33,skin rash,AR33.N1,Rash,10037844,Skin rash,10040913,
ELIQUIS,AR34,anaphylactic reactions,AR34.N1,Anaphylactic reaction,10002198,,,
ELIQUIS,AR35,allergic edema,AR35.N1,Allergic oedema,10060934,Allergic edema,10054306,
ELIQUIS,AR36,syncope,AR36.N1,Syncope,10042772,,,
ELIQUIS,AR37,surgical site bleeding,AR37.N1,Procedural haemorrhage,10071229,Operation site bleed,10030859,
ELIQUIS,AR38,bleeding into an operated joint,AR38.N1,Haemarthrosis,10018829,Hemarthrosis,10019409,
ELIQUIS,AR38,bleeding into an operated joint,AR38.N2,Procedural haemorrhage,10071229,Operation site bleed,10030859,
ELIQUIS,AR39,intracranial hemorrhage,AR39.N1,Haemorrhage intracranial,10018985,Intracranial hemorrhage,10022763,
ELIQUIS,AR40,hgb decrease,AR40.N1,Haemoglobin decreased,10018884,Hemoglobin decreased,10019483,
ELIQUIS,AR41,bleed at critical site,AR41.N1,Haemorrhage,10055798,Bleeding,10005103,
ELIQUIS,AR42,nausea,AR42.N1,Nausea,10028813,,,
ELIQUIS,AR43,anemia,AR43.N1,Anaemia,10002034,Anemia,10002272,
ELIQUIS,AR44,postoperative anemia,AR44.N1,Anaemia postoperative,10048861,Anemia postoperative,10054312,
ELIQUIS,AR45,hemorrhagic anemia,AR45.N1,Haemorrhagic anaemia,10052293,Hemorrhagic anemia,10052294,
ELIQUIS,AR46,contusion,AR46.N1,Contusion,10050584,,,
ELIQUIS,AR47,hemorrhage,AR47.N1,Haemorrhage,10055798,Hemorrhage,10019524,
ELIQUIS,AR48,hematoma,AR48.N1,Haematoma,10018852,Hematoma,10019428,
ELIQUIS,AR49,vaginal hemorrhage,AR49.N1,Vaginal haemorrhage,10046910,Vaginal hemorrhage,10046912,
ELIQUIS,AR50,urethral hemorrhage,AR50.N1,Urethral haemorrhage,10049710,Urethral hemorrhage,10055357,
ELIQUIS,AR51,postprocedural hemorrhage,AR51.N1,Post procedural haemorrhage,10051077,Post procedural hemorrhage,10055320,
ELIQUIS,AR52,postprocedural hematoma,AR52.N1,Post procedural haematoma,10063188,Post procedural hematoma,10063193,
ELIQUIS,AR53,wound hemorrhage,AR53.N1,Wound haemorrhage,10051373,Wound hemorrhage,10055360,
ELIQUIS,AR54,vessel puncture site hematoma,AR54.N1,Vessel puncture site haematoma,10065902,Vessel puncture site hematoma,10065905,
ELIQUIS,AR55,catheter site hemorrhage,AR55.N1,Catheter site haemorrhage,10051099,Catheter site hemorrhage,10052266,
ELIQUIS,AR56,transaminases increased,AR56.N1,Transaminases increased,10054889,,,
ELIQUIS,AR57,alanine aminotransferase increased,AR57.N1,Alanine aminotransferase increased,10001551,,,
ELIQUIS,AR58,alanine aminotransferase abnormal,AR58.N1,Alanine aminotransferase abnormal,10001547,,,
ELIQUIS,AR59,aspartate aminotransferase increased,AR59.N1,Aspartate aminotransferase increased,10003481,,,
ELIQUIS,AR60,gamma-glutamyltransferase increased,AR60.N1,Gamma-glutamyltransferase increased,10017693,,,
ELIQUIS,AR61,thrombocytopenia,AR61.N1,Thrombocytopenia,10043554,,,
ELIQUIS,AR62,platelet count decreases,AR62.N1,Platelet count decreased,10035528,,,
ELIQUIS,AR63,hypotension,AR63.N1,Hypotension,10021097,,,
ELIQUIS,AR64,procedural hypotension,AR64.N1,Procedural hypotension,10062300,,,
ELIQUIS,AR65,epistaxis,AR65.N1,Epistaxis,10015090,,,
ELIQUIS,AR66,gastrointestinal hemorrhage,AR66.N1,Gastrointestinal haemorrhage,10017955,Gastrointestinal hemorrhage,10017960,
ELIQUIS,AR67,hematemesis,AR67.N1,Haematemesis,10018830,Hematemesis,10019418,
ELIQUIS,AR68,melena,AR68.N1,Melaena,10027141,Melena,10027162,
ELIQUIS,AR69,hematochezia,AR69.N1,Haematochezia,10018836,Hematochezia,10060544,
ELIQUIS,AR70,liver function test abnormal,AR70.N1,Liver function test abnormal,10024690,,,
ELIQUIS,AR71,blood alkaline phosphatase increased,AR71.N1,Blood alkaline phosphatase increased,10059570,,,
ELIQUIS,AR72,blood bilirubin increased,AR72.N1,Blood bilirubin increased,10005364,,,
ELIQUIS,AR73,hematuria,AR73.N1,Haematuria,10018867,Hematuria,10019450,
ELIQUIS,AR74,wound secretion,AR74.N1,Wound secretion,10048629,,,
ELIQUIS,AR75,incision-site hemorrhage,AR75.N1,Incision site haemorrhage,10051100,Incision site hemorrhage,10055289,
ELIQUIS,AR76,incision-site hematoma,AR76.N1,Incision site haematoma,10059241,Incision site hematoma,10059246,
ELIQUIS,AR77,operative hemorrhage,AR77.N1,Procedural haemorrhage,10071229,Operative hemorrhage,10055310,
ELIQUIS,AR78,gingival bleeding,AR78.N1,Gingival bleeding,10018276,,,
ELIQUIS,AR79,hemoptysis,AR79.N1,Haemoptysis,10018964,Hemoptysis,10019523,
ELIQUIS,AR80,hypersensitivity,AR80.N1,Hypersensitivity,10020751,,,
ELIQUIS,AR81,muscle hemorrhage,AR81.N1,Muscle haemorrhage,10028309,Muscle hemorrhage,10028310,
ELIQUIS,AR82,ocular hemorrhage,AR82.N1,Eye haemorrhage,10015926,Ocular hemorrhage,10030040,
ELIQUIS,AR83,conjunctival hemorrhage,AR83.N1,Conjunctival haemorrhage,10010719,Conjunctival hemorrhage,10010720,
ELIQUIS,AR84,rectal hemorrhage,AR84.N1,Rectal haemorrhage,10038063,Rectal hemorrhage,10038064,
ELIQUIS,AR85,menorrhagia,AR85.N1,Menorrhagia,10027313,,,
ELIQUIS,AR86,crnm,AR86.N1,Haemorrhage,10055798,Bleeding,10005103,
ELIQUIS,AR87,clinically relevant nonmajor bleeding,AR87.N1,Haemorrhage,10055798,Bleeding,10005103,
ELIQUIS,AR88,hemorrhoidal hemorrhage,AR88.N1,Haemorrhoidal haemorrhage,10054787,Hemorrhoidal hemorrhage,10060640,
ELIQUIS,AR89,anal hemorrhage,AR89.N1,Anal haemorrhage,10049555,Anal hemorrhage,10055226,
ELIQUIS,AR90,traumatic hematoma,AR90.N1,Traumatic haematoma,10044522,Traumatic hematoma,10044525,
ELIQUIS,AR91,periorbital hematoma,AR91.N1,Periorbital haematoma,10034544,Periorbital hematoma,10055379,
ELIQUIS,AR92,metrorrhagia,AR92.N1,Metrorrhagia,10027514,,,
ELIQUIS,AR93,menometrorrhagia,AR93.N1,Menometrorrhagia,10027295,,,
ELIQUIS,AR94,genital hemorrhage,AR94.N1,Genital haemorrhage,10061178,Genital hemorrhage,10055260,
ELIQUIS,AR95,ecchymosis,AR95.N1,Ecchymosis,10014080,,,
ELIQUIS,AR96,skin hemorrhage,AR96.N1,Skin haemorrhage,10064265,Skin hemorrhage,10064266,
ELIQUIS,AR97,petechiae,AR97.N1,Petechiae,10034754,,,
ELIQUIS,AR98,retinal hemorrhage,AR98.N1,Retinal haemorrhage,10038867,Retinal hemorrhage,10038870,
ELIQUIS,AR99,eye hemorrhage,AR99.N1,Eye haemorrhage,10015926,Eye hemorrhage,10015928,
ELIQUIS,AR100,blood urine present,AR100.N1,Blood urine present,10018870,,,
ELIQUIS,AR101,occult blood positive,AR101.N1,Occult blood positive,10061880,,,
ELIQUIS,AR102,occult blood,AR102.N1,Occult blood,10061878,,,
ELIQUIS,AR103,red blood cells urine positive,AR103.N1,Red blood cells urine positive,10038182,,,
ELIQUIS,AR104,injection-site hematoma,AR104.N1,Injection site haematoma,10022066,Injection site hematoma,10055371,
ELIQUIS,AR105,vessel puncture-site hematoma,AR105.N1,Vessel puncture site haematoma,10065902,Vessel puncture site hematoma,10065905,
ELIQUIS,AR106,spinal hematoma,AR106.N1,Spinal cord haematoma,10076051,Spinal hematoma,10055382,
ELIQUIS,AR107,epidural hematoma,AR107.N1,Extradural haematoma,10015769,Epidural hematoma,10015013,
ELIQUIS,AR108,epidural hematomas,AR108.N1,Extradural haematoma,10015769,Epidural hematoma,10015013,
ELIQUIS,AR109,spinal hematomas,AR109.N1,Spinal cord haematoma,10076051,Spinal hematoma,10055382,
ELIQUIS,AR110,hematomas,AR110.N1,Haematoma,10018852,Hematoma,10019428,
ELIQUIS,AR111,long-term paralysis,AR111.N1,Paralysis,10033799,Paralysed,10033798,
ELIQUIS,AR112,permanent paralysis,AR112.N1,Paralysis,10033799,,,
ELIQUIS,AR113,stroke,AR113.N1,Cerebrovascular accident,10008190,Stroke,10042244,
BOSULIF,AR1,gastrointestinal toxicity,AR1.N1,Gastrointestinal toxicity,10059024,,,
BOSULIF,AR2,myelosuppression,AR2.N1,Bone marrow failure,10065553,Myelosuppression,10028584,
BOSULIF,AR3,hepatic toxicity,AR3.N1,Hepatotoxicity,10019851,,,
BOSULIF,AR4,fluid retention,AR4.N1,Fluid retention,10016807,,,
BOSULIF,AR5,renal toxicity,AR5.N1,Nephropathy toxic,10029155,Toxicity renal,10044258,
BOSULIF,AR6,diarrhea,AR6.N1,Diarrhoea,10012735,Diarrhea,10012727,
BOSULIF,AR7,nausea,AR7.N1,Nausea,10028813,,,
BOSULIF,AR8,thrombocytopenia,AR8.N1,Thrombocytopenia,10043554,,,
BOSULIF,AR9,vomiting,AR9.N1,Vomiting,10047700,,,
BOSULIF,AR10,abdominal pain,AR10.N1,Abdominal pain,10000081,,,
BOSULIF,AR11,rash,AR11.N1,Rash,10037844,,,
BOSULIF,AR12,anemia,AR12.N1,Anaemia,10002034,Anemia,10002272,
BOSULIF,AR13,pyrexia,AR13.N1,Pyrexia,10037660,,,
BOSULIF,AR14,fatigue,AR14.N1,Fatigue,10016256,,,
BOSULIF,AR15,anaphylactic shock,AR15.N1,Anaphylactic shock,10002199,,,
BOSULIF,AR16,hepatotoxicity,AR16.N1,Hepatotoxicity,10019851,,,
BOSULIF,AR17,increased alanine aminotransferase,AR17.N1,Alanine aminotransferase increased,10001551,,,
BOSULIF,AR18,headache,AR18.N1,Headache,10019211,,,
BOSULIF,AR19,cough,AR19.N1,Cough,10011224,,,
BOSULIF,AR20,increased aspartate aminotransferase,AR20.N1,Aspartate aminotransferase increased,10003481,,,
BOSULIF,AR21,neutropenia,AR21.N1,Neutropenia,10029354,,,
BOSULIF,AR22,edema,AR22.N1,Oedema,10030095,Edema,10014210,
BOSULIF,AR23,arthralgia,AR23.N1,Arthralgia,10003239,,,
BOSULIF,AR24,decreased appetite,AR24.N1,Decreased appetite,10061428,,,
BOSULIF,AR25,respiratory tract infection,AR25.N1,Respiratory tract infection,10062352,,,
BOSULIF,AR26,nasopharyngitis,AR26.N1,Nasopharyngitis,10028810,,,
BOSULIF,AR27,back pain,AR27.N1,Back pain,10003988,,,
BOSULIF,AR28,asthenia,AR28.N1,Asthenia,10003549,,,
BOSULIF,AR29,pruritus,AR29.N1,Pruritus,10037087,,,
BOSULIF,AR30,dizziness,AR30.N1,Dizziness,10013573,,,
BOSULIF,AR31,dyspnea,AR31.N1,Dyspnoea,10013968,Dyspnea,10013963,
BOSULIF,AR32,qtcf interval of greater than 500 milliseconds,AR32.N1,Electrocardiogram QT prolonged,10014387,Electrocardiogram QTc interval prolonged,10053698,
BOSULIF,AR33,platelet count low,AR33.N1,Platelet count decreased,10035528,Low platelets,10024922,
BOSULIF,AR34,absolute neutrophil count less than 1*10 9 /l,AR34.N1,Neutrophil count decreased,10029366,Absolute neutrophil count decreased,10059234,
BOSULIF,AR35,hemoglobin low,AR35.N1,Haemoglobin decreased,10018884,Hemoglobin low,10055600,
BOSULIF,AR36,sgpt greater than 5.0*uln,AR36.N1,Alanine aminotransferase increased,10001551,SGPT increased,10040526,
BOSULIF,AR37,alt greater than 5.0*uln,AR37.N1,Alanine aminotransferase increased,10001551,ALT increased,10001845,
BOSULIF,AR38,sgot greater than 5.0*uln,AR38.N1,Aspartate aminotransferase increased,10003481,SGOT increased,10040524,
BOSULIF,AR39,ast greater than 5.0*uln,AR39.N1,Aspartate aminotransferase increased,10003481,AST increased,10003544,
BOSULIF,AR40,lipase greater than 2*uln,AR40.N1,Lipase increased,10024574,,,
BOSULIF,AR41,phosphorus low,AR41.N1,Blood phosphorus decreased,10049471,Phosphorus low,10050715,
BOSULIF,AR42,total bilirubin greater than 3.0*uln,AR42.N1,Blood bilirubin increased,10005364,Bilirubin total increased,10056806,
BOSULIF,AR43,febrile neutropenia,AR43.N1,Febrile neutropenia,10016288,,,
BOSULIF,AR44,pericardial effusion,AR44.N1,Pericardial effusion,10034474,,,
BOSULIF,AR45,pericarditis,AR45.N1,Pericarditis,10034484,,,
BOSULIF,AR46,tinnitus,AR46.N1,Tinnitus,10043882,,,
BOSULIF,AR47,gastritis,AR47.N1,Gastritis,10017853,,,
BOSULIF,AR48,acute pancreatitis,AR48.N1,Pancreatitis acute,10033647,Acute pancreatitis,10000971,
BOSULIF,AR49,gastrointestinal hemorrhage,AR49.N1,Gastrointestinal haemorrhage,10017955,Gastrointestinal hemorrhage,10017960,
BOSULIF,AR50,gastric hemorrhage,AR50.N1,Gastric haemorrhage,10017788,Gastric hemorrhage,10017789,
BOSULIF,AR51,upper gastrointestinal hemorrhage,AR51.N1,Upper gastrointestinal haemorrhage,10046274,Upper gastrointestinal hemorrhage,10055356,
BOSULIF,AR52,chest pain,AR52.N1,Chest pain,10008479,,,
BOSULIF,AR53,chest discomfort,AR53.N1,Chest discomfort,10008469,,,
BOSULIF,AR54,pain,AR54.N1,Pain,10033371,,,
BOSULIF,AR55,toxic hepatitis,AR55.N1,Hepatitis toxic,10019795,,,
BOSULIF,AR56,cytolytic hepatitis,AR56.N1,Hepatitis,10019717,Cytolytic hepatitis,10050904,
BOSULIF,AR57,abnormal hepatic function,AR57.N1,Hepatic function abnormal,10019670,,,
BOSULIF,AR58,liver disorder,AR58.N1,Liver disorder,10024670,,,
BOSULIF,AR59,liver injury,AR59.N1,Liver injury,10067125,,,
BOSULIF,AR60,drug hypersensitivity,AR60.N1,Drug hypersensitivity,10013700,,,
BOSULIF,AR61,pneumonia,AR61.N1,Pneumonia,10035664,,,
BOSULIF,AR62,bronchopneumonia,AR62.N1,Pneumonia,10035664,Bronchopneumonia,10006469,
BOSULIF,AR63,lobar pneumonia,AR63.N1,Pneumonia,10035664,Lobar pneumonia,10024738,
BOSULIF,AR64,primary atypical pneumonia,AR64.N1,Atypical pneumonia,10003757,Primary atypical pneumonia,10036679,
BOSULIF,AR65,influenza,AR65.N1,Influenza,10022000,,,
BOSULIF,AR66,bronchitis,AR66.N1,Bronchitis,10006451,,,
BOSULIF,AR67,electrocardiogram qt prolonged,AR67.N1,Electrocardiogram QT prolonged,10014387,,,
BOSULIF,AR68,increased blood creatine phosphokinase,AR68.N1,Blood creatine phosphokinase increased,10005470,,,
BOSULIF,AR69,increased blood creatinine,AR69.N1,Blood creatinine increased,10005483,,,
BOSULIF,AR70,hyperkalemia,AR70.N1,Hyperkalaemia,10020646,Hyperkalemia,10020647,
BOSULIF,AR71,dehydration,AR71.N1,Dehydration,10012174,,,
BOSULIF,AR72,myalgia,AR72.N1,Myalgia,10028411,,,
BOSULIF,AR73,dysgeusia,AR73.N1,Dysgeusia,10013911,,,
BOSULIF,AR74,acute renal failure,AR74.N1,Acute kidney injury,10069339,Acute renal failure,10001041,
BOSULIF,AR75,renal failure,AR75.N1,Renal failure,10038435,,,
BOSULIF,AR76,pleural effusion,AR76.N1,Pleural effusion,10035598,,,
BOSULIF,AR77,acute pulmonary edema,AR77.N1,Acute pulmonary oedema,10001029,Acute pulmonary edema,10001024,
BOSULIF,AR78,respiratory failure,AR78.N1,Respiratory failure,10038695,,,
BOSULIF,AR79,pulmonary hypertension,AR79.N1,Pulmonary hypertension,10037400,,,
BOSULIF,AR80,urticaria,AR80.N1,Urticaria,10046735,,,
BOSULIF,AR81,acne,AR81.N1,Acne,10000496,,,
BOSULIF,AR82,erythema multiforme,AR82.N1,Erythema multiforme,10015218,,,
BOSULIF,AR83,exfoliative rash,AR83.N1,Exfoliative rash,10064579,,,
BOSULIF,AR84,drug eruption,AR84.N1,Drug eruption,10013687,,,
BOSULIF,AR85,embryofetal toxicity,AR85.N1,Maternal drugs affecting foetus,10026923,Drug toxicity NEC affecting foetus,10013750,
BOSULIF,AR86,fetal harm,AR86.N1,Foetal damage,10016852,Fetal damage,10054743,
BOSULIF,AR87,drug induced liver injury,AR87.N1,Drug-induced liver injury,10072268,,,
BOSULIF,AR88,elevations in alt,AR88.N1,Alanine aminotransferase increased,10001551,ALT increased,10001845,
BOSULIF,AR89,elevations in ast,AR89.N1,Aspartate aminotransferase increased,10003481,AST increased,10003544,
BOSULIF,AR90,total bilirubin greater than 2*uln,AR90.N1,Blood bilirubin increased,10005364,Bilirubin total increased,10056806,
BOSULIF,AR91,alkaline phosphatase less than 2*uln,AR91.N1,Blood alkaline phosphatase increased,10059570,Alkaline phosphatase increased,10001675,
BOSULIF,AR92,alt elevation,AR92.N1,Alanine aminotransferase increased,10001551,ALT increased,10001845,
BOSULIF,AR93,ast elevation,AR93.N1,Aspartate aminotransferase increased,10003481,AST increased,10003544,
BOSULIF,AR94,increase in alt,AR94.N1,Alanine aminotransferase increased,10001551,ALT increased,10001845,
BOSULIF,AR95,increase in ast,AR95.N1,Aspartate aminotransferase increased,10003481,AST increased,10003544,
BOSULIF,AR96,transaminase elevations,AR96.N1,Transaminases increased,10054889,,,
BOSULIF,AR97,increased alt,AR97.N1,Alanine aminotransferase increased,10001551,ALT increased,10001845,
BOSULIF,AR98,increased ast,AR98.N1,Aspartate aminotransferase increased,10003481,AST increased,10003544,
BOSULIF,AR99,pulmonary edema,AR99.N1,Pulmonary oedema,10037423,Pulmonary edema,10037375,
BOSULIF,AR100,peripheral edema,AR100.N1,Oedema peripheral,10030124,Peripheral edema,10034570,
BOSULIF,AR101,pleural effusions,AR101.N1,Pleural effusion,10035598,,,
BOSULIF,AR102,pericardial effusions,AR102.N1,Pericardial effusion,10034474,,,
BOSULIF,AR103,decline in estimated glomerular filtration rate,AR103.N1,Glomerular filtration rate decreased,10018358,,,
BOSULIF,AR104,kidney failure,AR104.N1,Renal failure,10038435,Kidney failure,10023418,
GILENYA,AR1,bradyarrhythmia,AR1.N1,Bradyarrhythmia,10049765,,,
GILENYA,AR2,atrioventricular blocks,AR2.N1,Atrioventricular block,10003671,,,
GILENYA,AR3,infections,AR3.N1,Infection,10021789,,,
GILENYA,AR4,progressive multifocal leukoencephalopathy,AR4.N1,Progressive multifocal leukoencephalopathy,10036807,,,
GILENYA,AR5,macular edema,AR5.N1,Macular oedema,10025415,Macular edema,10054467,
GILENYA,AR6,posterior reversible encephalopathy syndrome,AR6.N1,Posterior reversible encephalopathy syndrome,10071066,,,
GILENYA,AR7,respiratory effects,AR7.N1,Respiratory disorder,10038683,,,
GILENYA,AR8,liver injury,AR8.N1,Liver injury,10067125,,,
GILENYA,AR9,headache,AR9.N1,Headache,10019211,,,
GILENYA,AR10,liver transaminase elevation,AR10.N1,Transaminases increased,10054889,,,
GILENYA,AR11,diarrhea,AR11.N1,Diarrhoea,10012735,Diarrhea,10012727,
GILENYA,AR12,cough,AR12.N1,Cough,10011224,,,
GILENYA,AR13,influenza,AR13.N1,Influenza,10022000,,,
GILENYA,AR14,sinusitis,AR14.N1,Sinusitis,10040753,,,
GILENYA,AR15,back pain,AR15.N1,Back pain,10003988,,,
GILENYA,AR16,abdominal pain,AR16.N1,Abdominal pain,10000081,,,
GILENYA,AR17,pain in extremity,AR17.N1,Pain in extremity,10033425,,,
GILENYA,AR18,serum transaminase elevations,AR18.N1,Transaminases increased,10054889,Serum transaminase increased,10040421,
GILENYA,AR19,basal cell carcinoma,AR19.N1,Basal cell carcinoma,10004146,,,
GILENYA,AR20,bronchitis,AR20.N1,Bronchitis,10006451,,,
GILENYA,AR21,herpes zoster,AR21.N1,Herpes zoster,10019974,,,
GILENYA,AR22,tinea versicolor,AR22.N1,Tinea versicolour,10056131,Tinea versicolor,10043875,
GILENYA,AR23,bradycardia,AR23.N1,Bradycardia,10006093,,,
GILENYA,AR24,migraine,AR24.N1,Migraine,10027599,,,
GILENYA,AR25,nausea,AR25.N1,Nausea,10028813,,,
GILENYA,AR26,asthenia,AR26.N1,Asthenia,10003549,,,
GILENYA,AR27,alopecia,AR27.N1,Alopecia,10001760,,,
GILENYA,AR28,actinic keratosis,AR28.N1,Actinic keratosis,10000614,,,
GILENYA,AR29,liver transaminase elevations,AR29.N1,Transaminases increased,10054889,,,
GILENYA,AR30,elevations alt,AR30.N1,Alanine aminotransferase increased,10001551,ALT increased,10001845,
GILENYA,AR31,elevations ggt,AR31.N1,Gamma-glutamyltransferase increased,10017693,GGT increased,10056910,
GILENYA,AR32,elevations ast,AR32.N1,Aspartate aminotransferase increased,10003481,AST increased,10003544,
GILENYA,AR33,blood triglycerides increased,AR33.N1,Blood triglycerides increased,10005839,,,
GILENYA,AR34,dyspnea,AR34.N1,Dyspnoea,10013968,Dyspnea,10013963,
GILENYA,AR35,vision blurred,AR35.N1,Vision blurred,10047513,,,
GILENYA,AR36,hypertension,AR36.N1,Hypertension,10020772,,,
GILENYA,AR37,lymphopenia,AR37.N1,Lymphopenia,10025327,,,
GILENYA,AR38,leukopenia,AR38.N1,Leukopenia,10024384,,,
GILENYA,AR39,skin papilloma,AR39.N1,Skin papilloma,10040907,,,
GILENYA,AR40,dizziness,AR40.N1,Dizziness,10013573,,,
GILENYA,AR41,pneumonia,AR41.N1,Pneumonia,10035664,,,
GILENYA,AR42,eczema,AR42.N1,Eczema,10014184,,,
GILENYA,AR43,pruritus,AR43.N1,Pruritus,10037087,,,
GILENYA,AR44,vascular events,AR44.N1,Angiopathy,10059245,Vascular disorder,10047059,
GILENYA,AR45,ischemic strokes,AR45.N1,Ischaemic stroke,10061256,Ischemic stroke,10055221,
GILENYA,AR46,hemorrhagic strokes,AR46.N1,Haemorrhagic stroke,10019016,Hemorrhagic stroke,10048863,
GILENYA,AR47,peripheral arterial occlusive disease,AR47.N1,Peripheral arterial occlusive disease,10062585,,,
GILENYA,AR48,lymphoma,AR48.N1,Lymphoma,10025310,,,
GILENYA,AR49,atrioventricular conduction,AR49.N1,Atrioventricular block first degree,10003674,Atrioventricular conduction time prolonged,10003681,
GILENYA,AR50,pml,AR50.N1,Progressive multifocal leukoencephalopathy,10036807,,,
GILENYA,AR51,pres,AR51.N1,Posterior reversible encephalopathy syndrome,10071066,,,
GILENYA,AR52,decrease in pulmonary function tests,AR52.N1,Pulmonary function test decreased,10061922,,,
GILENYA,AR53,decrease in pft,AR53.N1,Pulmonary function test decreased,10061922,,,
GILENYA,AR54,heart rate decrease,AR54.N1,Heart rate decreased,10019301,,,
GILENYA,AR55,decline in heart rate,AR55.N1,Heart rate decreased,10019301,,,
GILENYA,AR56,heart rates below 40 beats per minute,AR56.N1,Heart rate decreased,10019301,,,
GILENYA,AR57,symptomatic bradycardia,AR57.N1,Bradycardia,10006093,,,
GILENYA,AR58,hypotension,AR58.N1,Hypotension,10021097,,,
GILENYA,AR59,fatigue,AR59.N1,Fatigue,10016256,,,
GILENYA,AR60,palpitations,AR60.N1,Palpitations,10033557,,,
GILENYA,AR61,chest pain,AR61.N1,Chest pain,10008479,,,
GILENYA,AR62,decrease in heart rate,AR62.N1,Heart rate decreased,10019301,,,
GILENYA,AR63,av conduction delays,AR63.N1,Atrioventricular block first degree,10003674,Atrioventricular conduction time prolonged,10003681,
GILENYA,AR64,first-degree av block,AR64.N1,Atrioventricular block first degree,10003674,AV block first degree,10003850,
GILENYA,AR65,second-degree av blocks,AR65.N1,Atrioventricular block second degree,10003677,AV block second degree,10003851,
GILENYA,AR66,av blocks mobitz types i,AR66.N1,Atrioventricular block second degree,10003677,Mobitz type I,10027787,
GILENYA,AR67,av blocks wenckebach,AR67.N1,Atrioventricular block second degree,10003677,Wenckebach phenomenon,10047909,
GILENYA,AR68,2:1 av blocks,AR68.N1,Atrioventricular block,10003671,AV block,10003846,
GILENYA,AR69,2:1 av block,AR69.N1,Atrioventricular block,10003671,AV block,10003846,
GILENYA,AR70,conduction abnormalities,AR70.N1,Conduction disorder,10010276,Defect conduction (NOS),10012117,
GILENYA,AR71,third-degree av block,AR71.N1,Atrioventricular block complete,10003673,Third degree AV block,10043440,
GILENYA,AR72,av block,AR72.N1,Atrioventricular block,10003671,AV block,10003846,
GILENYA,AR73,junctional escape,AR73.N1,Nodal rhythm,10029470,Atrioventricular junctional escape rhythm,10057524,
GILENYA,AR74,asystole,AR74.N1,Cardiac arrest,10007515,Asystole,10003586,
GILENYA,AR75,death,AR75.N1,Death,10011906,,,
GILENYA,AR76,syncope,AR76.N1,Syncope,10042772,,,
GILENYA,AR77,reduction in peripheral lymphocyte count,AR77.N1,Lymphocyte count decreased,10025256,,,
GILENYA,AR78,sequestration of lymphocytes in lymphoid tissues,AR78.N1,,,,,unmapped
GILENYA,AR79,herpetic infections,AR79.N1,Herpes virus infection,10019973,,,
GILENYA,AR80,died,AR80.N1,Death,10011906,,,
GILENYA,AR81,disseminated primary herpes zoster,AR81.N1,Herpes zoster disseminated,10065038,,,
GILENYA,AR82,herpes simplex encephalitis,AR82.N1,Herpes simplex encephalitis,10019953,,,
GILENYA,AR83,disseminated varicella zoster infections,AR83.N1,,,,,unmapped
GILENYA,AR84,herpes simplex infections,AR84.N1,Herpes simplex,10019948,,,
GILENYA,AR85,encephalitis,AR85.N1,Encephalitis,10014581,,,
GILENYA,AR86,multiorgan failure,AR86.N1,Multi-organ failure,10028154,Multiorgan failure,10028162,
GILENYA,AR87,fatal,AR87.N1,Death,10011906,,,
GILENYA,AR88,cryptococcal infections,AR88.N1,Cryptococcal infections,10011486,,,HLT
GILENYA,AR89,cryptococcal meningitis,AR89.N1,Meningitis cryptococcal,10027209,Cryptococcal meningitis,10011487,
GILENYA,AR90,immunosuppression,AR90.N1,Immunosuppression,10062016,,,
GILENYA,AR91,opportunistic viral infection of the brain,AR91.N1,Opportunistic infection,10030901,,,
GILENYA,AR91,opportunistic viral infection of the brain,AR91.N2,Central nervous system viral infection,10061037,,,
GILENYA,AR92,jc virus,AR92.N1,JC virus infection,10023163,,,
GILENYA,AR93,jcv,AR93.N1,JC virus infection,10023163,,,
GILENYA,AR94,disability,AR94.N1,Disability,10013050,,,
GILENYA,AR95,jcv in the csf,AR95.N1,JC virus infection,10023163,,,underspecified
GILENYA,AR96,compromised immune system,AR96.N1,Immunodeficiency,10061598,,,
GILENYA,AR97,progressive weakness on one side of the body,AR97.N1,Muscular weakness,10028372,Muscle weakness,10028350,
GILENYA,AR98,clumsiness of limbs,AR98.N1,Clumsiness,10009696,,,
GILENYA,AR99,disturbance of vision,AR99.N1,Visual impairment,10047571,Visual disturbances,10047545,
GILENYA,AR100,changes in thinking,AR100.N1,Thinking abnormal,10043431,,,
GILENYA,AR101,changes in memory,AR101.N1,Memory impairment,10027175,Memory disturbance,10027172,
GILENYA,AR102,changes in orientation,AR102.N1,Disorientation,10013395,Orientation disturbed,10031087,
GILENYA,AR103,confusion,AR103.N1,Confusional state,10010305,Confusion,10010300,
GILENYA,AR104,personality changes,AR104.N1,Personality change,10034719,,,
GILENYA,AR105,visual symptoms,AR105.N1,Visual impairment,10047571,Abnormal vision,10000186,
GILENYA,AR106,blurred vision,AR106.N1,Vision blurred,10047513,Blurred vision,10005886,
GILENYA,AR107,decreased visual acuity,AR107.N1,Visual acuity reduced,10047531,Visual acuity decreased,10049061,
GILENYA,AR108,visual acuity loss,AR108.N1,Visual acuity reduced,10047531,Visual acuity lost,10047530,
GILENYA,AR109,altered mental status,AR109.N1,Mental status changes,10048294,,,
GILENYA,AR110,visual disturbances,AR110.N1,Visual impairment,10047571,Visual disturbances,10047545,
GILENYA,AR111,seizure,AR111.N1,Seizure,10039906,,,
GILENYA,AR112,ischemic stroke,AR112.N1,Ischaemic stroke,10061256,Ischemic stroke,10055221,
GILENYA,AR113,cerebral hemorrhage,AR113.N1,Cerebral haemorrhage,10008111,Cerebral hemorrhage,10008114,
GILENYA,AR114,reductions in forced expiratory volume over 1 second,AR114.N1,Forced expiratory volume decreased,10016987,,,
GILENYA,AR115,reductions in fev1,AR115.N1,Forced expiratory volume decreased,10016987,FEV 1 decreased,10016550,
GILENYA,AR116,reductions in diffusion lung capacity for carbon monoxide,AR116.N1,Carbon monoxide diffusing capacity decreased,10065906,,,
GILENYA,AR117,reductions in dlco,AR117.N1,Carbon monoxide diffusing capacity decreased,10065906,,,
GILENYA,AR118,reduction for fev1,AR118.N1,Forced expiratory volume decreased,10016987,FEV 1 decreased,10016550,
GILENYA,AR119,dlco reduction,AR119.N1,Carbon monoxide diffusing capacity decreased,10065906,,,
GILENYA,AR120,changes in fev1,AR120.N1,Forced expiratory volume abnormal,10016985,,,
GILENYA,AR121,decrease of dlco,AR121.N1,Carbon monoxide diffusing capacity decreased,10065906,,,
GILENYA,AR122,elevations of liver enzymes,AR122.N1,Hepatic enzyme increased,10060795,Elevated liver enzymes,10014481,
GILENYA,AR123,elevation of liver transaminases,AR123.N1,Transaminases increased,10054889,,,
GILENYA,AR124,elevated liver enzymes,AR124.N1,Hepatic enzyme increased,10060795,Elevated liver enzymes,10014481,
GILENYA,AR125,increase systolic pressure,AR125.N1,Blood pressure systolic increased,10005760,,,
GILENYA,AR126,increase diastolic pressure,AR126.N1,Blood pressure diastolic increased,10005739,,,
GILENYA,AR127,decreased lymphocyte counts,AR127.N1,Lymphocyte count decreased,10025256,,,
GILENYA,AR128,immunosuppressant effects,AR128.N1,Immunosuppression,10062016,,,
BENLYSTA,AR1,mortality,AR1.N1,Death,10011906,,,
BENLYSTA,AR2,infections,AR2.N1,Infection,10021789,,,
BENLYSTA,AR3,malignancy,AR3.N1,Neoplasm malignant,10028997,,,
BENLYSTA,AR4,hypersensitivity reactions,AR4.N1,Hypersensitivity,10020751,Hypersensitivity reaction,10020756,
BENLYSTA,AR5,anaphylaxis,AR5.N1,Anaphylactic reaction,10002198,Anaphylaxis,10002218,
BENLYSTA,AR6,infusion reactions,AR6.N1,Infusion related reaction,10051792,,,
BENLYSTA,AR7,depression,AR7.N1,Depression,10012378,,,
BENLYSTA,AR8,nausea,AR8.N1,Nausea,10028813,,,
BENLYSTA,AR9,diarrhea,AR9.N1,Diarrhoea,10012735,Diarrhea,10012727,
BENLYSTA,AR10,pyrexia,AR10.N1,Pyrexia,10037660,,,
BENLYSTA,AR11,nasopharyngitis,AR11.N1,Nasopharyngitis,10028810,,,
BENLYSTA,AR12,bronchitis,AR12.N1,Bronchitis,10006451,,,
BENLYSTA,AR13,insomnia,AR13.N1,Insomnia,10022437,,,
BENLYSTA,AR14,pain in extremity,AR14.N1,Pain in extremity,10033425,,,
BENLYSTA,AR15,migraine,AR15.N1,Migraine,10027599,,,
BENLYSTA,AR16,pharyngitis,AR16.N1,Pharyngitis,10034835,,,
BENLYSTA,AR17,lupus nephritis,AR17.N1,Lupus nephritis,10025140,,,
BENLYSTA,AR18,cystitis,AR18.N1,Cystitis,10011781,,,
BENLYSTA,AR19,leukopenia,AR19.N1,Leukopenia,10024384,,,
BENLYSTA,AR20,gastroenteritis viral,AR20.N1,Gastroenteritis viral,10017918,,,
BENLYSTA,AR21,erythematous rash,AR21.N1,Rash erythematous,10037855,Erythematous rash,10015243,
BENLYSTA,AR22,pruritus,AR22.N1,Pruritus,10037087,,,
BENLYSTA,AR23,eyelid edema,AR23.N1,Eyelid oedema,10015993,Eyelid edema,10015985,
BENLYSTA,AR24,headache,AR24.N1,Headache,10019211,,,
BENLYSTA,AR25,dyspnea,AR25.N1,Dyspnoea,10013968,Dyspnea,10013963,
BENLYSTA,AR26,fatal,AR26.N1,Death,10011906,,,
BENLYSTA,AR27,deaths,AR27.N1,Death,10011906,,,
BENLYSTA,AR28,progressive multifocal leukoencephalopathy,AR28.N1,Progressive multifocal leukoencephalopathy,10036807,,,
BENLYSTA,AR29,pml,AR29.N1,Progressive multifocal leukoencephalopathy,10036807,,,
BENLYSTA,AR30,suicidality,AR30.N1,Suicidal behaviour,10065604,Suicidal behavior,10065607,
BENLYSTA,AR31,death,AR31.N1,Death,10011906,,,
BENLYSTA,AR32,infection,AR32.N1,Infection,10021789,,,
BENLYSTA,AR33,cardiovascular disease,AR33.N1,Cardiovascular disorder,10007649,,,
BENLYSTA,AR34,suicide,AR34.N1,Completed suicide,10010144,Suicide,10042462,
BENLYSTA,AR35,upper respiratory tract infection,AR35.N1,Upper respiratory tract infection,10046306,,,
BENLYSTA,AR36,urinary tract infection,AR36.N1,Urinary tract infection,10046571,,,
BENLYSTA,AR37,sinusitis,AR37.N1,Sinusitis,10040753,,,
BENLYSTA,AR38,influenza,AR38.N1,Influenza,10022000,,,
BENLYSTA,AR39,pneumonia,AR39.N1,Pneumonia,10035664,,,
BENLYSTA,AR40,cellulitis,AR40.N1,Cellulitis,10007882,,,
BENLYSTA,AR41,jc virus,AR41.N1,JC virus infection,10023163,,,
BENLYSTA,AR42,neurological deficits,AR42.N1,Nervous system disorder,10029202,Neurological impairment,10074237,
BENLYSTA,AR43,malignancies,AR43.N1,Neoplasm malignant,10028997,,,
BENLYSTA,AR44,non-melanoma skin cancers,AR44.N1,Skin cancer,10040808,Cancer of skin (excl melanoma),10007116,
BENLYSTA,AR45,acute hypersensitivity reactions,AR45.N1,Hypersensitivity,10020751,Hypersensitivity reaction,10020756,
BENLYSTA,AR46,rash,AR46.N1,Rash,10037844,,,
BENLYSTA,AR47,fatigue,AR47.N1,Fatigue,10016256,,,
BENLYSTA,AR48,myalgia,AR48.N1,Myalgia,10028411,,,
BENLYSTA,AR49,facial edema,AR49.N1,Face oedema,10016029,Face edema,10016025,
BENLYSTA,AR50,hypersensitivity,AR50.N1,Hypersensitivity,10020751,,,
BENLYSTA,AR51,hypotension,AR51.N1,Hypotension,10021097,,,
BENLYSTA,AR52,angioedema,AR52.N1,Angioedema,10002424,,,
BENLYSTA,AR53,urticaria,AR53.N1,Urticaria,10046735,,,
BENLYSTA,AR54,adverse events associated with the infusion,AR54.N1,Infusion related reaction,10051792,,,
BENLYSTA,AR55,bradycardia,AR55.N1,Bradycardia,10006093,,,
BENLYSTA,AR56,skin reactions,AR56.N1,Skin reaction,10040914,,,
BENLYSTA,AR57,psychiatric events,AR57.N1,Psychiatric symptom,10061472,,,
BENLYSTA,AR58,anxiety,AR58.N1,Anxiety,10002855,,,
BENLYSTA,AR59,suicides,AR59.N1,Completed suicide,10010144,Suicide,10042462,
BENLYSTA,AR60,suicidal behavior,AR60.N1,Suicidal behaviour,10065604,Suicidal behavior,10065607,
XALKORI,AR1,hepatotoxicity,AR1.N1,Hepatotoxicity,10019851,,,
XALKORI,AR2,interstitial lung disease,AR2.N1,Interstitial lung disease,10022611,,,
XALKORI,AR3,pneumonitis,AR3.N1,Pneumonitis,10035742,,,
XALKORI,AR4,qt interval prolongation,AR4.N1,Electrocardiogram QT prolonged,10014387,QT interval prolonged,10037703,
XALKORI,AR5,bradycardia,AR5.N1,Bradycardia,10006093,,,
XALKORI,AR6,visual loss,AR6.N1,Blindness,10005169,Vision loss,10047522,
XALKORI,AR7,vision disorders,AR7.N1,Vision disorders,10047518,,,HLGT
XALKORI,AR8,diarrhea,AR8.N1,Diarrhoea,10012735,Diarrhea,10012727,
XALKORI,AR9,nausea,AR9.N1,Nausea,10028813,,,
XALKORI,AR10,vomiting,AR10.N1,Vomiting,10047700,,,
XALKORI,AR11,constipation,AR11.N1,Constipation,10010774,,,
XALKORI,AR12,edema,AR12.N1,Oedema,10030095,Edema,10014210,
XALKORI,AR13,elevated transaminases,AR13.N1,Transaminases increased,10054889,,,
XALKORI,AR14,upper respiratory infection,AR14.N1,Upper respiratory tract infection,10046306,Upper respiratory infection,10046300,
XALKORI,AR15,decreased appetite,AR15.N1,Decreased appetite,10061428,,,
XALKORI,AR16,dysgeusia,AR16.N1,Dysgeusia,10013911,,,
XALKORI,AR17,dyspnea,AR17.N1,Dyspnoea,10013968,Dyspnea,10013963,
XALKORI,AR18,pulmonary embolism,AR18.N1,Pulmonary embolism,10037377,,,
XALKORI,AR19,fatal,AR19.N1,Death,10011906,,,
XALKORI,AR20,septic shock,AR20.N1,Septic shock,10040070,,,
XALKORI,AR21,acute respiratory failure,AR21.N1,Acute respiratory failure,10001053,,,
XALKORI,AR22,diabetic ketoacidosis,AR22.N1,Diabetic ketoacidosis,10012671,,,
XALKORI,AR23,ild,AR23.N1,Interstitial lung disease,10022611,,,
XALKORI,AR24,electrocardiogram qt prolonged,AR24.N1,Electrocardiogram QT prolonged,10014387,,,
XALKORI,AR25,vision disorder,AR25.N1,Vision disorders,10047518,,,HLGT
XALKORI,AR26,dyspepsia,AR26.N1,Dyspepsia,10013946,,,
XALKORI,AR27,dysphagia,AR27.N1,Dysphagia,10013950,,,
XALKORI,AR28,abdominal pain,AR28.N1,Abdominal pain,10000081,,,
XALKORI,AR29,pyrexia,AR29.N1,Pyrexia,10037660,,,
XALKORI,AR30,weight increased,AR30.N1,Weight increased,10047899,,,
XALKORI,AR31,pain in extremity,AR31.N1,Pain in extremity,10033425,,,
XALKORI,AR32,muscle spasm,AR32.N1,Muscle spasms,10028334,Muscle spasm,10028333,
XALKORI,AR33,dizziness,AR33.N1,Dizziness,10013573,,,
XALKORI,AR34,headache,AR34.N1,Headache,10019211,,,
XALKORI,AR35,fatigue,AR35.N1,Fatigue,10016256,,,
XALKORI,AR36,neuropathy,AR36.N1,Neuropathy peripheral,10029331,Neuropathy,10029328,
XALKORI,AR37,gait disturbance,AR37.N1,Gait disturbance,10017577,,,
XALKORI,AR38,hypoaesthesia,AR38.N1,Hypoaesthesia,10020937,,,
XALKORI,AR39,muscular weakness,AR39.N1,Muscular weakness,10028372,,,
XALKORI,AR40,neuralgia,AR40.N1,Neuralgia,10029223,,,
XALKORI,AR41,neuropathy peripheral,AR41.N1,Neuropathy peripheral,10029331,,,
XALKORI,AR42,paraesthesia,AR42.N1,Paraesthesia,10033775,,,
XALKORI,AR43,peripheral sensory neuropathy,AR43.N1,Peripheral sensory neuropathy,10034620,,,
XALKORI,AR44,polyneuropathy,AR44.N1,Polyneuropathy,10036105,,,
XALKORI,AR45,sensory disturbance,AR45.N1,Sensory disturbance,10040026,,,
XALKORI,AR46,rash,AR46.N1,Rash,10037844,,,
XALKORI,AR47,renal cyst,AR47.N1,Renal cyst,10038423,,,
XALKORI,AR48,syncope,AR48.N1,Syncope,10042772,,,
XALKORI,AR49,neutropenia,AR49.N1,Neutropenia,10029354,,,
XALKORI,AR50,lymphopenia,AR50.N1,Lymphopenia,10025327,,,
XALKORI,AR51,alt elevation,AR51.N1,Alanine aminotransferase increased,10001551,ALT increased,10001845,
XALKORI,AR52,ast elevation,AR52.N1,Aspartate aminotransferase increased,10003481,AST increased,10003544,
XALKORI,AR53,hypophosphatemia,AR53.N1,Hypophosphataemia,10021058,Hypophosphatemia,10021059,
XALKORI,AR54,pneumonia,AR54.N1,Pneumonia,10035664,,,
XALKORI,AR55,acute respiratory distress syndrome,AR55.N1,Acute respiratory distress syndrome,10001052,,,
XALKORI,AR56,arrhythmia,AR56.N1,Arrhythmia,10003119,,,
XALKORI,AR57,respiratory failure,AR57.N1,Respiratory failure,10038695,,,
XALKORI,AR58,sepsis,AR58.N1,Sepsis,10040047,,,
XALKORI,AR59,alanine aminotransferase elevation,AR59.N1,Alanine aminotransferase increased,10001551,,,
XALKORI,AR60,aspartate aminotransferase elevation,AR60.N1,Aspartate aminotransferase increased,10003481,,,
XALKORI,AR61,qtc prolongation,AR61.N1,Electrocardiogram QT prolonged,10014387,Electrocardiogram QTc interval prolonged,10053698,
XALKORI,AR62,weight decreased,AR62.N1,Weight decreased,10047895,,,
XALKORI,AR63,dysesthesia,AR63.N1,Dysaesthesia,10013886,Dysesthesia,10062872,
XALKORI,AR64,hypoesthesia,AR64.N1,Hypoaesthesia,10020937,Hypoesthesia,10020976,
XALKORI,AR65,peripheral neuropathy,AR65.N1,Neuropathy peripheral,10029331,,,
XALKORI,AR66,parasthesia,AR66.N1,Paraesthesia,10033775,Paresthesia,10033987,
XALKORI,AR67,burning sensation in skin,AR67.N1,Skin burning sensation,10054786,,,
XALKORI,AR68,hepatic failure,AR68.N1,Hepatic failure,10019663,,,
XALKORI,AR69,hypokalemia,AR69.N1,Hypokalaemia,10021015,Hypokalemia,10021018,
XALKORI,AR70,visual impairment,AR70.N1,Visual impairment,10047571,,,
XALKORI,AR71,photopsia,AR71.N1,Photopsia,10034962,,,
XALKORI,AR72,blurred vision,AR72.N1,Vision blurred,10047513,Blurred vision,10005886,
XALKORI,AR73,vitreous floaters,AR73.N1,Vitreous floaters,10047654,,,
XALKORI,AR74,visual adverse reactions,AR74.N1,Visual impairment,10047571,Visual disturbance,10047543,
XALKORI,AR75,visual disturbances,AR75.N1,Visual impairment,10047571,Visual disturbances,10047545,
XALKORI,AR76,neuropathy sensory,AR76.N1,Peripheral sensory neuropathy,10034620,Sensory neuropathy,10062975,
XALKORI,AR77,renal cysts,AR77.N1,Renal cyst,10038423,,,
XALKORI,AR78,renal cysts complex,AR78.N1,Renal cyst,10038423,,,
XALKORI,AR79,local cystic invasion beyond the kidney,AR79.N1,Cyst,10011732,,,underspecified
XALKORI,AR80,abscess,AR80.N1,Abscess,10000269,,,
XALKORI,AR81,embryofetal toxicity,AR81.N1,Maternal drugs affecting foetus,10026923,Drug toxicity NEC affecting foetus,10013750,
XALKORI,AR82,fetal harm,AR82.N1,Foetal damage,10016852,Fetal damage,10054743,
XALKORI,AR83,elevations in alanine aminotransferase,AR83.N1,Alanine aminotransferase increased,10001551,,,
XALKORI,AR84,elevations in alt,AR84.N1,Alanine aminotransferase increased,10001551,ALT increased,10001845,
XALKORI,AR85,elevations in aspartate aminotransferase,AR85.N1,Aspartate aminotransferase increased,10003481,,,
XALKORI,AR86,elevations in ast,AR86.N1,Aspartate aminotransferase increased,10003481,AST increased,10003544,
XALKORI,AR87,total bilirubin two times the uln,AR87.N1,Blood bilirubin increased,10005364,Bilirubin total increased,10056806,
XALKORI,AR88,transaminase elevations,AR88.N1,Transaminases increased,10054889,,,
XALKORI,AR89,qtcf greater than or equal to 500 ms,AR89.N1,Electrocardiogram QT prolonged,10014387,Electrocardiogram QTc interval prolonged,10053698,
XALKORI,AR90,increase qtcf,AR90.N1,Electrocardiogram QT prolonged,10014387,Electrocardiogram QTc interval prolonged,10053698,
XALKORI,AR91,symptomatic bradycardia,AR91.N1,Bradycardia,10006093,,,
XALKORI,AR92,heart rate less than 50 beats per minute,AR92.N1,Heart rate decreased,10019301,,,
XALKORI,AR93,visual field defect,AR93.N1,Visual field defect,10047555,,,
XALKORI,AR94,vision loss,AR94.N1,Blindness,10005169,Vision loss,10047522,
XALKORI,AR95,optic atrophy,AR95.N1,Optic atrophy,10030910,,,
XALKORI,AR96,optic nerve disorder,AR96.N1,Optic nerve disorder,10061322,,,
CLEVIPREX,AR1,hypotension,AR1.N1,Hypotension,10021097,,,
CLEVIPREX,AR2,reflex tachycardia,AR2.N1,Tachycardia,10043071,Reflex tachycardia,10063096,
CLEVIPREX,AR3,headache,AR3.N1,Headache,10019211,,,
CLEVIPREX,AR4,nausea,AR4.N1,Nausea,10028813,,,
CLEVIPREX,AR5,vomiting,AR5.N1,Vomiting,10047700,,,
CLEVIPREX,AR6,acute renal failure,AR6.N1,Acute kidney injury,10069339,Acute renal failure,10001041,
CLEVIPREX,AR7,atrial fibrillation,AR7.N1,Atrial fibrillation,10003658,,,
CLEVIPREX,AR8,myocardial infarction,AR8.N1,Myocardial infarction,10028596,,,
CLEVIPREX,AR9,cardiac arrest,AR9.N1,Cardiac arrest,10007515,,,
CLEVIPREX,AR10,syncope,AR10.N1,Syncope,10042772,,,
CLEVIPREX,AR11,dyspnea,AR11.N1,Dyspnoea,10013968,Dyspnea,10013963,
CLEVIPREX,AR12,increased blood triglycerides,AR12.N1,Blood triglycerides increased,10005839,,,
CLEVIPREX,AR13,ileus,AR13.N1,Ileus,10021328,,,
CLEVIPREX,AR14,hypersensitivity,AR14.N1,Hypersensitivity,10020751,,,
CLEVIPREX,AR15,decreased oxygen saturation,AR15.N1,Oxygen saturation decreased,10033318,,,
CLEVIPREX,AR16,pulmonary shunting,AR16.N1,Ventilation perfusion mismatch,10069675,Intrapulmonary shunt,10072687,
CLEVIPREX,AR17,systemic hypotension,AR17.N1,Hypotension,10021097,,,
LUMIZYME,AR1,hypersensitivity reactions,AR1.N1,Hypersensitivity,10020751,Hypersensitivity reaction,10020756,
LUMIZYME,AR2,anaphylaxis,AR2.N1,Anaphylactic reaction,10002198,Anaphylaxis,10002218,
LUMIZYME,AR3,rash,AR3.N1,Rash,10037844,,,
LUMIZYME,AR4,pyrexia,AR4.N1,Pyrexia,10037660,,,
LUMIZYME,AR5,flushing,AR5.N1,Flushing,10016825,,,
LUMIZYME,AR6,feeling hot,AR6.N1,Feeling hot,10016334,,,
LUMIZYME,AR7,urticaria,AR7.N1,Urticaria,10046735,,,
LUMIZYME,AR8,headache,AR8.N1,Headache,10019211,,,
LUMIZYME,AR9,hyperhidrosis,AR9.N1,Hyperhidrosis,10020642,,,
LUMIZYME,AR10,nausea,AR10.N1,Nausea,10028813,,,
LUMIZYME,AR11,cough,AR11.N1,Cough,10011224,,,
LUMIZYME,AR12,decreased oxygen saturation,AR12.N1,Oxygen saturation decreased,10033318,,,
LUMIZYME,AR13,tachycardia,AR13.N1,Tachycardia,10043071,,,
LUMIZYME,AR14,tachypnea,AR14.N1,Tachypnoea,10043089,Tachypnea,10043088,
LUMIZYME,AR15,chest discomfort,AR15.N1,Chest discomfort,10008469,,,
LUMIZYME,AR16,dizziness,AR16.N1,Dizziness,10013573,,,
LUMIZYME,AR17,muscle twitching,AR17.N1,Muscle twitching,10028347,,,
LUMIZYME,AR18,agitation,AR18.N1,Agitation,10001497,,,
LUMIZYME,AR19,cyanosis,AR19.N1,Cyanosis,10011703,,,
LUMIZYME,AR20,erythema,AR20.N1,Erythema,10015150,,,
LUMIZYME,AR21,hypertension,AR21.N1,Hypertension,10020772,,,
LUMIZYME,AR22,increased blood pressure,AR22.N1,Blood pressure increased,10005750,Increased blood pressure,10021655,
LUMIZYME,AR23,pallor,AR23.N1,Pallor,10033546,,,
LUMIZYME,AR24,rigors,AR24.N1,Chills,10008531,Rigors,10039177,
LUMIZYME,AR25,tremor,AR25.N1,Tremor,10044565,,,
LUMIZYME,AR26,vomiting,AR26.N1,Vomiting,10047700,,,
LUMIZYME,AR27,fatigue,AR27.N1,Fatigue,10016256,,,
LUMIZYME,AR28,myalgia,AR28.N1,Myalgia,10028411,,,
LUMIZYME,AR29,acute cardiorespiratory failure,AR29.N1,Cardiopulmonary failure,10051093,Cardio-respiratory failure,10049125,
LUMIZYME,AR30,rash erythematous,AR30.N1,Rash erythematous,10037855,,,
LUMIZYME,AR31,rash macular,AR31.N1,Rash macular,10037867,,,
LUMIZYME,AR32,rash maculo-papular,AR32.N1,Rash maculo-papular,10037868,,,
LUMIZYME,AR33,livedo reticularis,AR33.N1,Livedo reticularis,10024648,,,
LUMIZYME,AR34,irritability,AR34.N1,Irritability,10022998,,,
LUMIZYME,AR35,retching,AR35.N1,Retching,10038776,,,
LUMIZYME,AR36,increased lacrimation,AR36.N1,Lacrimation increased,10023644,,,
LUMIZYME,AR37,ventricular extrasystoles,AR37.N1,Ventricular extrasystoles,10047289,,,
LUMIZYME,AR38,nodal rhythm,AR38.N1,Nodal rhythm,10029470,,,
LUMIZYME,AR39,rales,AR39.N1,Rales,10037833,,,
LUMIZYME,AR40,respiratory tract irritation,AR40.N1,Respiratory tract irritation,10038731,,,
LUMIZYME,AR41,cold sweat,AR41.N1,Cold sweat,10009866,,,
LUMIZYME,AR42,anaphylactic reactions,AR42.N1,Anaphylactic reaction,10002198,,,
LUMIZYME,AR43,angioedema,AR43.N1,Angioedema,10002424,,,
LUMIZYME,AR44,throat tightness,AR44.N1,Throat tightness,10043528,,,
LUMIZYME,AR45,chest pain,AR45.N1,Chest pain,10008479,,,
LUMIZYME,AR46,supraventricular tachycardia,AR46.N1,Supraventricular tachycardia,10042604,,,
LUMIZYME,AR47,paresthesia,AR47.N1,Paraesthesia,10033775,Paresthesia,10033987,
LUMIZYME,AR48,local swelling,AR48.N1,Local swelling,10024770,,,
LUMIZYME,AR49,diarrhea,AR49.N1,Diarrhoea,10012735,Diarrhea,10012727,
LUMIZYME,AR50,pruritus,AR50.N1,Pruritus,10037087,,,
LUMIZYME,AR51,"edema, peripheral",AR51.N1,Oedema peripheral,10030124,Edema peripheral,10014251,
LUMIZYME,AR52,rash papular,AR52.N1,Rash papular,10037876,,,
LUMIZYME,AR53,igg antibody titers with inhibitory activity,AR53.N1,,,,,unmapped
LUMIZYME,AR54,recurrent hypersensitivity reactions,AR54.N1,Hypersensitivity,10020751,,,
LUMIZYME,AR55,fluid overload,AR55.N1,Fluid overload,10016803,,,
LUMIZYME,AR56,flu-like illness,AR56.N1,Influenza like illness,10022004,Flu-like illness,10016796,
LUMIZYME,AR57,chills,AR57.N1,Chills,10008531,,,
LUMIZYME,AR58,arthralgia,AR58.N1,Arthralgia,10003239,,,
LUMIZYME,AR59,pain,AR59.N1,Pain,10033371,,,
LUMIZYME,AR60,anaphylactic shock,AR60.N1,Anaphylactic shock,10002199,,,
LUMIZYME,AR61,respiratory failure,AR61.N1,Respiratory failure,10038695,,,
LUMIZYME,AR62,respiratory arrest,AR62.N1,Respiratory arrest,10038669,,,
LUMIZYME,AR63,cardiac arrest,AR63.N1,Cardiac arrest,10007515,,,
LUMIZYME,AR64,hypoxia,AR64.N1,Hypoxia,10021143,,,
LUMIZYME,AR65,dyspnea,AR65.N1,Dyspnoea,10013968,Dyspnea,10013963,
LUMIZYME,AR66,wheezing,AR66.N1,Wheezing,10047924,,,
LUMIZYME,AR67,convulsions,AR67.N1,Seizure,10039906,Convulsions,10010914,
LUMIZYME,AR68,peripheral coldness,AR68.N1,Peripheral coldness,10034568,,,
LUMIZYME,AR69,restlessness,AR69.N1,Restlessness,10038743,,,
LUMIZYME,AR70,nervousness,AR70.N1,Nervousness,10029216,,,
LUMIZYME,AR71,back pain,AR71.N1,Back pain,10003988,,,
LUMIZYME,AR72,stridor,AR72.N1,Stridor,10042241,,,
LUMIZYME,AR73,pharyngeal edema,AR73.N1,Pharyngeal oedema,10034829,Pharyngeal edema,10054544,
LUMIZYME,AR74,abdominal pain,AR74.N1,Abdominal pain,10000081,,,
LUMIZYME,AR75,apnea,AR75.N1,Apnoea,10002974,Apnea,10002972,
LUMIZYME,AR76,muscle spasm,AR76.N1,Muscle spasms,10028334,Muscle spasm,10028333,
LUMIZYME,AR77,conjunctivitis,AR77.N1,Conjunctivitis,10010741,,,
LUMIZYME,AR78,hyperparathyroidism,AR78.N1,Hyperparathyroidism,10020705,,,
LUMIZYME,AR79,systemic immune-mediated reactions,AR79.N1,Hypersensitivity,10020751,Systemic allergic reaction,10066472,
LUMIZYME,AR80,cutaneous immune-mediated reactions,AR80.N1,Dermatitis allergic,10012434,Allergic skin reaction,10001729,
LUMIZYME,AR81,proteinuria,AR81.N1,Proteinuria,10037032,,,
LUMIZYME,AR82,nephrotic syndrome,AR82.N1,Nephrotic syndrome,10029164,,,
LUMIZYME,AR83,membranous glomerulonephritis,AR83.N1,Glomerulonephritis membranous,10018372,,,
LUMIZYME,AR84,necrotizing skin lesions,AR84.N1,Skin necrosis,10040893,,,
LUMIZYME,AR85,hypersensitivity,AR85.N1,Hypersensitivity,10020751,,,
LUMIZYME,AR86,immune-mediated reactions,AR86.N1,Hypersensitivity,10020751,,,
LUMIZYME,AR87,cardiorespiratory failure,AR87.N1,Cardiopulmonary failure,10051093,Cardio-respiratory failure,10049125,
LUMIZYME,AR88,respiratory distress,AR88.N1,Respiratory distress,10038687,,,
LUMIZYME,AR89,bradycardia,AR89.N1,Bradycardia,10006093,,,
LUMIZYME,AR90,bronchospasm,AR90.N1,Bronchospasm,10006482,,,
LUMIZYME,AR91,hypotension,AR91.N1,Hypotension,10021097,,,
LUMIZYME,AR92,tongue swelling,AR92.N1,Swollen tongue,10042727,Tongue swelling non-specific,10043984,
LUMIZYME,AR93,lip swelling,AR93.N1,Lip swelling,10024570,,,
LUMIZYME,AR94,periorbital edema,AR94.N1,Periorbital oedema,10034545,Periorbital edema,10054541,
LUMIZYME,AR95,face edema,AR95.N1,Face oedema,10016029,Face edema,10016025,
LUMIZYME,AR96,acute exacerbation of cardiac compromise,AR96.N1,Cardiac disorder,10061024,,,
LUMIZYME,AR97,acute exacerbation of respiratory compromise,AR97.N1,Respiratory disorder,10038683,,,
LUMIZYME,AR98,cardiac arrhythmia,AR98.N1,Arrhythmia,10003119,Cardiac arrhythmia,10007518,
LUMIZYME,AR99,sudden cardiac death,AR99.N1,Sudden cardiac death,10049418,,,
LUMIZYME,AR100,immune-mediated cutaneous reactions,AR100.N1,Dermatitis allergic,10012434,Allergic skin reaction,10001729,
LUMIZYME,AR101,type iii immune-mediated reactions,AR101.N1,Type III immune complex mediated reaction,10053614,,,
LUMIZYME,AR102,deposition of anti-rhgaa antibodies,AR102.N1,,,,,unmapped
LUMIZYME,AR103,inflammatory arthropathy,AR103.N1,Arthropathy,10003285,,,underspecified
LUMIZYME,AR104,elevated erythrocyte sedimentation rate,AR104.N1,Red blood cell sedimentation rate increased,10049187,Erythrocyte sedimentation increased,10015257,
LUMIZYME,AR105,positive anti-rhgaa igg antibody titers,AR105.N1,,,,,unmapped
LUMIZYME,AR106,immune complex deposition,AR106.N1,,,,,unmapped
LUMIZYME,AR107,exacerbation of respiratory compromise,AR107.N1,Respiratory failure,10038695,Respiratory failure aggravated,10068615,
LUMIZYME,AR108,exacerbation of cardiac compromise,AR108.N1,Cardiac disorder,10061024,,,
LUMIZYME,AR109,ventricular arrhythmias,AR109.N1,Ventricular arrhythmia,10047281,,,
LUMIZYME,AR110,death,AR110.N1,Death,10011906,,,
LUMIZYME,AR111,reduced clinical efficacy,AR111.N1,Drug effect decreased,10013678,,,
LUMIZYME,AR112,loss of motor function,AR112.N1,Motor dysfunction,10061296,,,
CERDELGA,AR1,fatigue,AR1.N1,Fatigue,10016256,,,
CERDELGA,AR2,headache,AR2.N1,Headache,10019211,,,
CERDELGA,AR3,nausea,AR3.N1,Nausea,10028813,,,
CERDELGA,AR4,diarrhea,AR4.N1,Diarrhoea,10012735,Diarrhea,10012727,
CERDELGA,AR5,back pain,AR5.N1,Back pain,10003988,,,
CERDELGA,AR6,pain in extremities,AR6.N1,Pain in extremity,10033425,,,
CERDELGA,AR7,upper abdominal pain,AR7.N1,Abdominal pain upper,10000087,Upper abdominal pain,10046272,
CERDELGA,AR8,arthralgia,AR8.N1,Arthralgia,10003239,,,
CERDELGA,AR9,migraine,AR9.N1,Migraine,10027599,,,
CERDELGA,AR10,flatulence,AR10.N1,Flatulence,10016766,,,
CERDELGA,AR11,oropharyngeal pain,AR11.N1,Oropharyngeal pain,10068319,,,
CERDELGA,AR12,dizziness,AR12.N1,Dizziness,10013573,,,
CERDELGA,AR13,asthenia,AR13.N1,Asthenia,10003549,,,
CERDELGA,AR14,cough,AR14.N1,Cough,10011224,,,
CERDELGA,AR15,dyspepsia,AR15.N1,Dyspepsia,10013946,,,
CERDELGA,AR16,gastroesophageal reflux disease,AR16.N1,Gastrooesophageal reflux disease,10017885,Gastroesophageal reflux disease,10066874,
CERDELGA,AR17,constipation,AR17.N1,Constipation,10010774,,,
CERDELGA,AR18,palpitations,AR18.N1,Palpitations,10033557,,,
CERDELGA,AR19,rash,AR19.N1,Rash,10037844,,,
CERDELGA,AR20,ecg changes,AR20.N1,Electrocardiogram change,10061116,Change in ECG,10008396,
CERDELGA,AR21,cardiac arrhythmias,AR21.N1,Arrhythmia,10003119,Cardiac arrhythmia,10007518,
CERDELGA,AR22,prolongation pr cardiac intervals,AR22.N1,Electrocardiogram PR prolongation,10053657,Electrocardiogram PR interval prolonged,10053655,
CERDELGA,AR23,prolongation qtc cardiac intervals,AR23.N1,Electrocardiogram QT prolonged,10014387,Electrocardiogram QTc interval prolonged,10053698,
CERDELGA,AR24,prolongation qrs cardiac intervals,AR24.N1,Electrocardiogram QRS complex prolonged,10014380,QRS prolonged,10037697,
CERDELGA,AR25,increases in ecg intervals pr,AR25.N1,Electrocardiogram PR prolongation,10053657,Electrocardiogram PR interval prolonged,10053655,
CERDELGA,AR26,increases in ecg intervals qtc,AR26.N1,Electrocardiogram QT prolonged,10014387,Electrocardiogram QTc interval prolonged,10053698,
CERDELGA,AR27,increases in ecg intervals qrs,AR27.N1,Electrocardiogram QRS complex prolonged,10014380,,,
NEURACEQ,AR1,injection site reaction,AR1.N1,Injection site reaction,10022095,,,
NEURACEQ,AR2,injection site erythema,AR2.N1,Injection site erythema,10022061,,,
NEURACEQ,AR3,injection site irritation,AR3.N1,Injection site irritation,10022079,,,
NEURACEQ,AR4,injection site pain,AR4.N1,Injection site pain,10022086,,,
NEURACEQ,AR5,injection site reactions,AR5.N1,Injection site reaction,10022095,,,
NEURACEQ,AR6,application site erythema,AR6.N1,Application site erythema,10003041,,,
NEURACEQ,AR7,long-term cumulative radiation exposure,AR7.N1,Exposure to radiation,10073306,,,underspecified
NEURACEQ,AR8,cancer,AR8.N1,Neoplasm malignant,10028997,Cancer,10007050,
PROLIA,AR1,hypocalcemia,AR1.N1,Hypocalcaemia,10020947,Hypocalcemia,10020949,
PROLIA,AR2,infections,AR2.N1,Infection,10021789,,,
PROLIA,AR3,dermatologic adverse reactions,AR3.N1,Skin reaction,10040914,,,
PROLIA,AR4,osteonecrosis of the jaw,AR4.N1,Osteonecrosis of jaw,10064658,,,
PROLIA,AR5,atypical subtrochanteric femoral fractures,AR5.N1,Femur fracture,10016454,Femur fracture subtrochanteric,10053653,
PROLIA,AR5,atypical subtrochanteric femoral fractures,AR5.N2,Atypical femur fracture,10070884,,,
PROLIA,AR6,atypical diaphyseal femoral fractures,AR6.N1,Femur fracture,10016454,Femur shaft fracture,10069887,
PROLIA,AR6,atypical diaphyseal femoral fractures,AR6.N2,Atypical femur fracture,10070884,,,
PROLIA,AR7,back pain,AR7.N1,Back pain,10003988,,,
PROLIA,AR8,pain in extremity,AR8.N1,Pain in extremity,10033425,,,
PROLIA,AR9,musculoskeletal pain,AR9.N1,Musculoskeletal pain,10028391,,,
PROLIA,AR10,hypercholesterolemia,AR10.N1,Hypercholesterolaemia,10020603,Hypercholesterolemia,10020604,
PROLIA,AR11,cystitis,AR11.N1,Cystitis,10011781,,,
PROLIA,AR12,arthralgia,AR12.N1,Arthralgia,10003239,,,
PROLIA,AR13,nasopharyngitis,AR13.N1,Nasopharyngitis,10028810,,,
PROLIA,AR14,constipation,AR14.N1,Constipation,10010774,,,
PROLIA,AR15,pancreatitis,AR15.N1,Pancreatitis,10033645,,,
PROLIA,AR16,mortality,AR16.N1,Death,10011906,,,
PROLIA,AR17,anemia,AR17.N1,Anaemia,10002034,Anemia,10002272,
PROLIA,AR18,angina pectoris,AR18.N1,Angina pectoris,10002383,,,
PROLIA,AR19,atrial fibrillation,AR19.N1,Atrial fibrillation,10003658,,,
PROLIA,AR20,vertigo,AR20.N1,Vertigo,10047340,,,
PROLIA,AR21,abdominal pain upper,AR21.N1,Abdominal pain upper,10000087,,,
PROLIA,AR22,flatulence,AR22.N1,Flatulence,10016766,,,
PROLIA,AR23,gastroesophageal reflux disease,AR23.N1,Gastrooesophageal reflux disease,10017885,Gastroesophageal reflux disease,10066874,
PROLIA,AR24,edema peripheral,AR24.N1,Oedema peripheral,10030124,Edema peripheral,10014251,
PROLIA,AR25,asthenia,AR25.N1,Asthenia,10003549,,,
PROLIA,AR26,upper respiratory tract infection,AR26.N1,Upper respiratory tract infection,10046306,,,
PROLIA,AR27,pneumonia,AR27.N1,Pneumonia,10035664,,,
PROLIA,AR28,pharyngitis,AR28.N1,Pharyngitis,10034835,,,
PROLIA,AR29,herpes zoster,AR29.N1,Herpes zoster,10019974,,,
PROLIA,AR30,bone pain,AR30.N1,Bone pain,10006002,,,
PROLIA,AR31,myalgia,AR31.N1,Myalgia,10028411,,,
PROLIA,AR32,spinal osteoarthritis,AR32.N1,Spinal osteoarthritis,10041591,,,
PROLIA,AR33,sciatica,AR33.N1,Sciatica,10039674,,,
PROLIA,AR34,insomnia,AR34.N1,Insomnia,10022437,,,
PROLIA,AR35,rash,AR35.N1,Rash,10037844,,,
PROLIA,AR36,pruritus,AR36.N1,Pruritus,10037087,,,
PROLIA,AR37,decreases in serum calcium levels,AR37.N1,Blood calcium decreased,10005395,Serum calcium decreased,10040174,
PROLIA,AR38,symptomatic hypocalcemia,AR38.N1,Hypocalcaemia,10020947,Hypocalcemia,10020949,
PROLIA,AR39,infection,AR39.N1,Infection,10021789,,,
PROLIA,AR40,death,AR40.N1,Death,10011906,,,
PROLIA,AR41,infections in the abdomen,AR41.N1,Abdominal infection,10056519,,,
PROLIA,AR42,infections in the urinary tract,AR42.N1,Urinary tract infection,10046571,,,
PROLIA,AR43,infections in the ear,AR43.N1,Ear infection,10014011,,,
PROLIA,AR44,endocarditis,AR44.N1,Endocarditis,10014665,,,
PROLIA,AR45,skin infections,AR45.N1,Skin infection,10040872,,,
PROLIA,AR46,erysipelas,AR46.N1,Erysipelas,10015145,,,
PROLIA,AR47,cellulitis,AR47.N1,Cellulitis,10007882,,,
PROLIA,AR48,opportunistic infections,AR48.N1,Opportunistic infection,10030901,,,
PROLIA,AR49,epidermal adverse events,AR49.N1,Skin reaction,10040914,,,
PROLIA,AR50,dermal adverse events,AR50.N1,Skin reaction,10040914,,,
PROLIA,AR51,dermatitis,AR51.N1,Dermatitis,10012431,,,
PROLIA,AR52,eczema,AR52.N1,Eczema,10014184,,,
PROLIA,AR53,rashes,AR53.N1,Rash,10037844,,,
PROLIA,AR54,onj,AR54.N1,Osteonecrosis of jaw,10064658,,,
PROLIA,AR55,atypical femoral fractures,AR55.N1,Atypical femur fracture,10070884,,,
PROLIA,AR56,atypical femoral fracture,AR56.N1,Atypical femur fracture,10070884,,,
PROLIA,AR57,malignancies,AR57.N1,Neoplasm malignant,10028997,,,
PROLIA,AR58,malignancies to the breast,AR58.N1,Breast cancer,10006187,Malignant breast neoplasm,10025541,
PROLIA,AR59,malignancies to the reproductive system,AR59.N1,Genital neoplasm malignant female,10018160,,,
PROLIA,AR59,malignancies to the reproductive system,AR59.N2,Genital cancer male,10073116,Genital neoplasm malignant male,10018161,
PROLIA,AR60,malignancies to the gastrointestinal system,AR60.N1,Gastrointestinal carcinoma,10017940,Gastrointestinal neoplasm malignant,10017985,
PROLIA,AR61,prostate cancers,AR61.N1,Prostate cancer,10060862,,,
PROLIA,AR62,basal cell carcinoma,AR62.N1,Basal cell carcinoma,10004146,,,
PROLIA,AR63,cataracts,AR63.N1,Cataract,10007739,Cataracts,10007771,
PROLIA,AR64,hypersensitivity reactions,AR64.N1,Hypersensitivity,10020751,Hypersensitivity reaction,10020756,
PROLIA,AR65,anaphylaxis,AR65.N1,Anaphylactic reaction,10002198,Anaphylaxis,10002218,
PROLIA,AR66,urticaria,AR66.N1,Urticaria,10046735,,,
PROLIA,AR67,facial swelling,AR67.N1,Swelling face,10042682,Facial swelling,10016065,
PROLIA,AR68,erythema,AR68.N1,Erythema,10015150,,,
PROLIA,AR69,elevation in serum pth,AR69.N1,Blood parathyroid hormone increased,10005703,Serum parathyroid hormone increased,10040363,
PROLIA,AR70,hypersensitivity,AR70.N1,Hypersensitivity,10020751,,,
PROLIA,AR71,anaphylactic reactions,AR71.N1,Anaphylactic reaction,10002198,,,
PROLIA,AR72,dermatologic reactions,AR72.N1,Skin reaction,10040914,,,
PROLIA,AR73,joint pain,AR73.N1,Arthralgia,10003239,Joint pain,10023222,
PROLIA,AR74,muscle pain,AR74.N1,Myalgia,10028411,Muscle pain,10028322,
PROLIA,AR75,suppression of bone turnover,AR75.N1,Low turnover osteopathy,10063000,Low turnover bone disease,10062634,
PROLIA,AR76,hypotension,AR76.N1,Hypotension,10021097,,,
PROLIA,AR77,dyspnea,AR77.N1,Dyspnoea,10013968,Dyspnea,10013963,
PROLIA,AR78,throat tightness,AR78.N1,Throat tightness,10043528,,,
PROLIA,AR79,facial edema,AR79.N1,Face oedema,10016029,Face edema,10016025,
PROLIA,AR80,upper airway edema,AR80.N1,Respiratory tract oedema,10070774,Airway edema,10070778,
PROLIA,AR81,hypocalcemia exacerbated,AR81.N1,Hypocalcaemia,10020947,Hypocalcemia,10020949,
PROLIA,AR82,elevations of serum parathyroid hormone,AR82.N1,Blood parathyroid hormone increased,10005703,Serum parathyroid hormone increased,10040363,
PROLIA,AR83,femoral atypical fractures of the shaft,AR83.N1,Femur fracture,10016454,Femur shaft fracture,10069887,
PROLIA,AR83,femoral atypical fractures of the shaft,AR83.N2,Atypical femur fracture,10070884,,,
PROLIA,AR84,fractures in the femoral shaft,AR84.N1,Femur fracture,10016454,Femur shaft fracture,10069887,
PROLIA,AR85,thigh pain,AR85.N1,Pain in extremity,10033425,Pain in thigh,10048973,
PROLIA,AR86,infections of the abdomen,AR86.N1,Abdominal infection,10056519,,,
PROLIA,AR87,infections of the urinary tract,AR87.N1,Urinary tract infection,10046571,,,
PROLIA,AR88,infections of the ear,AR88.N1,Ear infection,10014011,,,
PROLIA,AR89,suppression of bone remodeling,AR89.N1,Bone development abnormal,10005954,,,
PROLIA,AR90,atypical fractures,AR90.N1,Atypical fracture,10072395,,,
PROLIA,AR91,delayed fracture healing,AR91.N1,Impaired healing,10021519,Delayed healing of wound,10012200,
FANAPT,AR1,dizziness,AR1.N1,Dizziness,10013573,,,
FANAPT,AR2,dry mouth,AR2.N1,Dry mouth,10013781,,,
FANAPT,AR3,fatigue,AR3.N1,Fatigue,10016256,,,
FANAPT,AR4,nasal congestion,AR4.N1,Nasal congestion,10028735,,,
FANAPT,AR5,orthostatic hypotension,AR5.N1,Orthostatic hypotension,10031127,,,
FANAPT,AR6,somnolence,AR6.N1,Somnolence,10041349,,,
FANAPT,AR7,tachycardia,AR7.N1,Tachycardia,10043071,,,
FANAPT,AR8,weight increased,AR8.N1,Weight increased,10047899,,,
FANAPT,AR9,arthralgia,AR9.N1,Arthralgia,10003239,,,
FANAPT,AR10,musculoskeletal stiffness,AR10.N1,Musculoskeletal stiffness,10052904,,,
FANAPT,AR11,vision blurred,AR11.N1,Vision blurred,10047513,,,
FANAPT,AR12,nausea,AR12.N1,Nausea,10028813,,,
FANAPT,AR13,diarrhea,AR13.N1,Diarrhoea,10012735,Diarrhea,10012727,
FANAPT,AR14,abdominal discomfort,AR14.N1,Abdominal discomfort,10000059,,,
FANAPT,AR15,nasopharyngitis,AR15.N1,Nasopharyngitis,10028810,,,
FANAPT,AR16,upper respiratory tract infection,AR16.N1,Upper respiratory tract infection,10046306,,,
FANAPT,AR17,extrapyramidal disorder,AR17.N1,Extrapyramidal disorder,10015832,,,
FANAPT,AR18,tremor,AR18.N1,Tremor,10044565,,,
FANAPT,AR19,lethargy,AR19.N1,Lethargy,10024264,,,
FANAPT,AR20,ejaculation failure,AR20.N1,Ejaculation failure,10014328,,,
FANAPT,AR21,dyspnea,AR21.N1,Dyspnoea,10013968,Dyspnea,10013963,
FANAPT,AR22,rash,AR22.N1,Rash,10037844,,,
FANAPT,AR23,hypotension,AR23.N1,Hypotension,10021097,,,
FANAPT,AR24,eps,AR24.N1,Extrapyramidal disorder,10015832,Extrapyramidal symptoms,10015835,
FANAPT,AR25,eps-related adverse events,AR25.N1,Extrapyramidal disorder,10015832,Extrapyramidal symptoms,10015835,
FANAPT,AR26,akathisia,AR26.N1,Akathisia,10001540,,,
FANAPT,AR27,bradykinesia,AR27.N1,Bradykinesia,10006100,,,
FANAPT,AR28,dyskinesia,AR28.N1,Dyskinesia,10013916,,,
FANAPT,AR29,dystonia,AR29.N1,Dystonia,10013983,,,
FANAPT,AR30,parkinsonism,AR30.N1,Parkinsonism,10034010,,,
FANAPT,AR31,hematocrit below the extended normal range,AR31.N1,Haematocrit decreased,10018838,Hematocrit decreased,10019423,
FANAPT,AR32,anemia,AR32.N1,Anaemia,10002034,Anemia,10002272,
FANAPT,AR33,iron deficiency anemia,AR33.N1,Iron deficiency anaemia,10022972,Iron deficiency anemia,10022974,
FANAPT,AR34,leukopenia,AR34.N1,Leukopenia,10024384,,,
FANAPT,AR35,palpitations,AR35.N1,Palpitations,10033557,,,
FANAPT,AR36,arrhythmia,AR36.N1,Arrhythmia,10003119,,,
FANAPT,AR37,atrioventricular block,AR37.N1,Atrioventricular block,10003671,,,
FANAPT,AR38,cardiac failure,AR38.N1,Cardiac failure,10007554,,,
FANAPT,AR39,cardiac failure congestive,AR39.N1,Cardiac failure congestive,10007559,,,
FANAPT,AR40,cardiac failure acute,AR40.N1,Cardiac failure acute,10007556,,,
FANAPT,AR41,vertigo,AR41.N1,Vertigo,10047340,,,
FANAPT,AR42,tinnitus,AR42.N1,Tinnitus,10043882,,,
FANAPT,AR43,hypothyroidism,AR43.N1,Hypothyroidism,10021114,,,
FANAPT,AR44,conjunctivitis,AR44.N1,Conjunctivitis,10010741,,,
FANAPT,AR45,conjunctivitis allergic,AR45.N1,Conjunctivitis allergic,10010744,,,
FANAPT,AR46,dry eye,AR46.N1,Dry eye,10013774,,,
FANAPT,AR47,blepharitis,AR47.N1,Blepharitis,10005148,,,
FANAPT,AR48,eyelid edema,AR48.N1,Eyelid oedema,10015993,Eyelid edema,10015985,
FANAPT,AR49,eye swelling,AR49.N1,Eye swelling,10015967,,,
FANAPT,AR50,lenticular opacities,AR50.N1,Lenticular opacities,10024214,,,
FANAPT,AR51,cataract,AR51.N1,Cataract,10007739,,,
FANAPT,AR52,hyperemia,AR52.N1,Hyperaemia,10020565,Hyperemia,10020619,
FANAPT,AR53,hyperemia conjunctival,AR53.N1,Conjunctival hyperaemia,10051625,Conjunctival hyperemia,10054364,
FANAPT,AR54,gastritis,AR54.N1,Gastritis,10017853,,,
FANAPT,AR55,salivary hypersecretion,AR55.N1,Salivary hypersecretion,10039424,,,
FANAPT,AR56,fecal incontinence,AR56.N1,Faecal incontinence,10016092,Fecal incontinence,10016296,
FANAPT,AR57,mouth ulceration,AR57.N1,Mouth ulceration,10028034,,,
FANAPT,AR58,aphthous stomatitis,AR58.N1,Aphthous ulcer,10002959,Aphthous stomatitis,10002958,
FANAPT,AR59,duodenal ulcer,AR59.N1,Duodenal ulcer,10013836,,,
FANAPT,AR60,hiatus hernia,AR60.N1,Hiatus hernia,10020028,,,
FANAPT,AR61,hyperchlorhydria,AR61.N1,Hyperchlorhydria,10020601,,,
FANAPT,AR62,lip ulceration,AR62.N1,Lip ulceration,10024572,,,
FANAPT,AR63,reflux esophagitis,AR63.N1,Gastrooesophageal reflux disease,10017885,Reflux esophagitis,10038262,
FANAPT,AR64,stomatitis,AR64.N1,Stomatitis,10042128,,,
FANAPT,AR65,edema,AR65.N1,Oedema,10030095,Edema,10014210,
FANAPT,AR66,edema general,AR66.N1,Generalised oedema,10018092,Edema generalized,10014223,
FANAPT,AR67,edema pitting,AR67.N1,Oedema,10030095,Pitting edema,10054547,
FANAPT,AR68,difficulty in walking,AR68.N1,Gait disturbance,10017577,Difficulty in walking,10012794,
FANAPT,AR69,thirst,AR69.N1,Thirst,10043458,,,
FANAPT,AR70,hyperthermia,AR70.N1,Hyperthermia,10020843,,,
FANAPT,AR71,cholelithiasis,AR71.N1,Cholelithiasis,10008629,,,
FANAPT,AR72,weight decreased,AR72.N1,Weight decreased,10047895,,,
FANAPT,AR73,hemoglobin decreased,AR73.N1,Haemoglobin decreased,10018884,Hemoglobin decreased,10019483,
FANAPT,AR74,neutrophil count increased,AR74.N1,Neutrophil count increased,10029368,,,
FANAPT,AR75,hematocrit decreased,AR75.N1,Haematocrit decreased,10018838,Hematocrit decreased,10019423,
FANAPT,AR76,increased appetite,AR76.N1,Increased appetite,10021654,,,
FANAPT,AR77,dehydration,AR77.N1,Dehydration,10012174,,,
FANAPT,AR78,hypokalemia,AR78.N1,Hypokalaemia,10021015,Hypokalemia,10021018,
FANAPT,AR79,fluid retention,AR79.N1,Fluid retention,10016807,,,
FANAPT,AR80,myalgia,AR80.N1,Myalgia,10028411,,,
FANAPT,AR81,muscle spasms,AR81.N1,Muscle spasms,10028334,,,
FANAPT,AR82,torticollis,AR82.N1,Torticollis,10044074,,,
FANAPT,AR83,paresthesia,AR83.N1,Paraesthesia,10033775,Paresthesia,10033987,
FANAPT,AR84,psychomotor hyperactivity,AR84.N1,Psychomotor hyperactivity,10037211,,,
FANAPT,AR85,restlessness,AR85.N1,Restlessness,10038743,,,
FANAPT,AR86,amnesia,AR86.N1,Amnesia,10001949,,,
FANAPT,AR87,nystagmus,AR87.N1,Nystagmus,10029864,,,
FANAPT,AR88,restless legs syndrome,AR88.N1,Restless legs syndrome,10058920,,,
FANAPT,AR89,aggression,AR89.N1,Aggression,10001488,,,
FANAPT,AR90,delusion,AR90.N1,Delusion,10012239,,,
FANAPT,AR91,hostility,AR91.N1,Hostility,10020400,,,
FANAPT,AR92,libido decreased,AR92.N1,Libido decreased,10024419,,,
FANAPT,AR93,paranoia,AR93.N1,Paranoia,10033864,,,
FANAPT,AR94,anorgasmia,AR94.N1,Anorgasmia,10002652,,,
FANAPT,AR95,confusional state,AR95.N1,Confusional state,10010305,,,
FANAPT,AR96,mania,AR96.N1,Mania,10026749,,,
FANAPT,AR97,catatonia,AR97.N1,Catatonia,10007776,,,
FANAPT,AR98,mood swings,AR98.N1,Mood swings,10027951,,,
FANAPT,AR99,panic attack,AR99.N1,Panic attack,10033664,,,
FANAPT,AR100,obsessive-compulsive disorder,AR100.N1,Obsessive-compulsive disorder,10029898,,,
FANAPT,AR101,bulimia nervosa,AR101.N1,Bulimia nervosa,10006550,,,
FANAPT,AR102,delirium,AR102.N1,Delirium,10012218,,,
FANAPT,AR103,polydipsia psychogenic,AR103.N1,Polydipsia psychogenic,10036069,,,
FANAPT,AR104,impulse-control disorder,AR104.N1,Impulse-control disorder,10061215,,,
FANAPT,AR105,major depression,AR105.N1,Major depression,10057840,,,
FANAPT,AR106,urinary incontinence,AR106.N1,Urinary incontinence,10046543,,,
FANAPT,AR107,dysuria,AR107.N1,Dysuria,10013990,,,
FANAPT,AR108,pollakiuria,AR108.N1,Pollakiuria,10036018,,,
FANAPT,AR109,enuresis,AR109.N1,Enuresis,10014928,,,
FANAPT,AR110,nephrolithiasis,AR110.N1,Nephrolithiasis,10029148,,,
FANAPT,AR111,urinary retention,AR111.N1,Urinary retention,10046555,,,
FANAPT,AR112,renal failure acute,AR112.N1,Acute kidney injury,10069339,Renal failure acute,10038436,
FANAPT,AR113,erectile dysfunction,AR113.N1,Erectile dysfunction,10061461,,,
FANAPT,AR114,testicular pain,AR114.N1,Testicular pain,10043345,,,
FANAPT,AR115,amenorrhea,AR115.N1,Amenorrhoea,10001928,Amenorrhea,10001927,
FANAPT,AR116,breast pain,AR116.N1,Breast pain,10006298,,,
FANAPT,AR117,menstruation irregular,AR117.N1,Menstruation irregular,10027339,,,
FANAPT,AR118,gynecomastia,AR118.N1,Gynaecomastia,10018800,Gynecomastia,10018801,
FANAPT,AR119,menorrhagia,AR119.N1,Menorrhagia,10027313,,,
FANAPT,AR120,metrorrhagia,AR120.N1,Metrorrhagia,10027514,,,
FANAPT,AR121,postmenopausal hemorrhage,AR121.N1,Postmenopausal haemorrhage,10055870,Postmenopausal hemorrhage,10036400,
FANAPT,AR122,prostatitis,AR122.N1,Prostatitis,10036978,,,
FANAPT,AR123,epistaxis,AR123.N1,Epistaxis,10015090,,,
FANAPT,AR124,asthma,AR124.N1,Asthma,10003553,,,
FANAPT,AR125,rhinorrhea,AR125.N1,Rhinorrhoea,10039101,Rhinorrhea,10039100,
FANAPT,AR126,sinus congestion,AR126.N1,Sinus congestion,10040742,,,
FANAPT,AR127,nasal dryness,AR127.N1,Nasal dryness,10028740,,,
FANAPT,AR128,dry throat,AR128.N1,Dry throat,10013789,,,
FANAPT,AR129,sleep apnea syndrome,AR129.N1,Sleep apnoea syndrome,10040979,Sleep apnea syndrome,10040976,
FANAPT,AR130,dyspnea exertional,AR130.N1,Dyspnoea exertional,10013971,Dyspnea exertional,10013966,
FANAPT,AR131,retrograde ejaculation,AR131.N1,Retrograde ejaculation,10038967,,,
FANAPT,AR132,mortality,AR132.N1,Death,10011906,,,
FANAPT,AR133,death,AR133.N1,Death,10011906,,,
FANAPT,AR134,deaths,AR134.N1,Death,10011906,,,
FANAPT,AR135,heart failure,AR135.N1,Cardiac failure,10007554,Heart failure,10019279,
FANAPT,AR136,sudden death,AR136.N1,Sudden death,10042434,,,
FANAPT,AR137,pneumonia,AR137.N1,Pneumonia,10035664,,,
FANAPT,AR138,qt prolongation,AR138.N1,Electrocardiogram QT prolonged,10014387,QT prolonged,10037705,
FANAPT,AR139,prolongs qt interval,AR139.N1,Electrocardiogram QT prolonged,10014387,QT interval prolonged,10037703,
FANAPT,AR140,neuroleptic malignant syndrome,AR140.N1,Neuroleptic malignant syndrome,10029282,,,
FANAPT,AR141,tardive dyskinesia,AR141.N1,Tardive dyskinesia,10043118,,,
FANAPT,AR142,hyperglycemia,AR142.N1,Hyperglycaemia,10020635,Hyperglycemia,10020639,
FANAPT,AR143,diabetes mellitus,AR143.N1,Diabetes mellitus,10012601,,,
FANAPT,AR144,dyslipidemia,AR144.N1,Dyslipidaemia,10058108,Dyslipidemia,10058110,
FANAPT,AR145,weight gain,AR145.N1,Weight increased,10047899,Weight gain,10047896,
FANAPT,AR146,metabolic changes,AR146.N1,Metabolic disorder,10058097,,,
FANAPT,AR147,seizures,AR147.N1,Seizure,10039906,Seizures,10039910,
FANAPT,AR148,syncope,AR148.N1,Syncope,10042772,,,
FANAPT,AR149,suicide,AR149.N1,Completed suicide,10010144,Suicide,10042462,
FANAPT,AR150,priapism,AR150.N1,Priapism,10036661,,,
FANAPT,AR151,cognitive impairment,AR151.N1,Cognitive disorder,10057668,Cognitive impairment,10009846,
FANAPT,AR152,motor impairment,AR152.N1,Motor dysfunction,10061296,,,
FANAPT,AR153,cerebrovascular adverse events,AR153.N1,Cerebrovascular disorder,10008196,,,
FANAPT,AR154,cerebrovascular accidents,AR154.N1,Cerebrovascular accident,10008190,,,
FANAPT,AR155,transient ischemic attacks,AR155.N1,Transient ischaemic attack,10044390,Transient ischemic attacks,10044391,
FANAPT,AR156,fatalities,AR156.N1,Death,10011906,,,
FANAPT,AR157,qtc prolongation,AR157.N1,Electrocardiogram QT prolonged,10014387,Electrocardiogram QTc interval prolonged,10053698,
FANAPT,AR158,qtcf increase,AR158.N1,Electrocardiogram QT prolonged,10014387,Electrocardiogram QTc interval prolonged,10053698,
FANAPT,AR159,nms,AR159.N1,Neuroleptic malignant syndrome,10029282,NMS,10029435,
FANAPT,AR160,hyperpyrexia,AR160.N1,Hyperpyrexia,10020741,,,
FANAPT,AR161,muscle rigidity,AR161.N1,Muscle rigidity,10028330,,,
FANAPT,AR162,altered mental status,AR162.N1,Mental status changes,10048294,,,
FANAPT,AR163,catatonic signs,AR163.N1,Catatonia,10007776,Reaction catatonic,10037940,
FANAPT,AR164,autonomic instability,AR164.N1,Autonomic nervous system imbalance,10003840,Autonomic instability,10049218,
FANAPT,AR165,irregular pulse,AR165.N1,Heart rate irregular,10019304,Irregular pulse,10022994,
FANAPT,AR166,irregular blood pressure,AR166.N1,Blood pressure fluctuation,10005746,,,
FANAPT,AR167,diaphoresis,AR167.N1,Hyperhidrosis,10020642,Diaphoresis,10012703,
FANAPT,AR168,cardiac dysrhythmia,AR168.N1,Arrhythmia,10003119,Cardiac dysrhythmias,10007545,
FANAPT,AR169,elevated creatine phosphokinase,AR169.N1,Blood creatine phosphokinase increased,10005470,Creatine phosphokinase increased,10011349,
FANAPT,AR170,myoglobinuria,AR170.N1,Myoglobinuria,10028629,,,
FANAPT,AR171,rhabdomyolysis,AR171.N1,Rhabdomyolysis,10039020,,,
FANAPT,AR172,acute renal failure,AR172.N1,Acute kidney injury,10069339,Acute renal failure,10001041,
FANAPT,AR173,body weight gain,AR173.N1,Weight increased,10047899,Weight gain,10047896,
FANAPT,AR174,ketoacidosis,AR174.N1,Ketoacidosis,10023379,,,
FANAPT,AR175,hyperosmolar coma,AR175.N1,Coma,10010071,,,
FANAPT,AR175,hyperosmolar coma,AR175.N2,Hyperosmolar state,10020697,,,
FANAPT,AR176,gain in body weight,AR176.N1,Weight increased,10047899,Weight gain,10047896,
FANAPT,AR177,agranulocytosis,AR177.N1,Agranulocytosis,10001507,,,
FANAPT,AR178,fatal,AR178.N1,Death,10011906,,,
FANAPT,AR179,neutropenia,AR179.N1,Neutropenia,10029354,,,
FANAPT,AR180,elevates prolactin levels,AR180.N1,Blood prolactin increased,10005780,Prolactin levels increased,10036828,
FANAPT,AR181,hyperprolactinemia,AR181.N1,Hyperprolactinaemia,10020737,Hyperprolactinemia,10020739,
FANAPT,AR182,suppress hypothalamic gnrh,AR182.N1,Blood gonadotrophin decreased,10005562,Gonadotropins decreased,10018546,
FANAPT,AR183,reduced pituitary gonadotropin secretion,AR183.N1,Blood gonadotrophin decreased,10005562,Pituitary gonadotrophin decreased,10054718,
FANAPT,AR184,inhibit reproductive function,AR184.N1,Reproductive toxicity,10074268,,,
FANAPT,AR185,impairing gonadalsteroidogenesis,AR185.N1,Hypogonadism,10058359,Gonadal insufficiency,10068037,underspecified
FANAPT,AR186,long-standing hyperprolactinemia,AR186.N1,Hyperprolactinaemia,10020737,Hyperprolactinemia,10020739,
FANAPT,AR187,hypogonadism,AR187.N1,Hypogonadism,10058359,,,
FANAPT,AR188,decreased bone density,AR188.N1,Bone density decreased,10049470,,,
FANAPT,AR189,plasma prolactin levels increase,AR189.N1,Blood prolactin increased,10005780,Plasma prolactin increased,10035415,
FANAPT,AR190,elevated plasma prolactin levels,AR190.N1,Blood prolactin increased,10005780,Plasma prolactin increased,10035415,
FANAPT,AR191,prolactin elevation,AR191.N1,Blood prolactin increased,10005780,Prolactin increased,10036826,
FANAPT,AR192,galactorrhea,AR192.N1,Galactorrhoea,10017600,Galactorrhea,10017592,
FANAPT,AR193,impair judgment,AR193.N1,Judgement impaired,10023236,,,
FANAPT,AR194,impair thinking,AR194.N1,Thinking abnormal,10043431,,,
FANAPT,AR195,impair motor skills,AR195.N1,Motor dysfunction,10061296,,,
FANAPT,AR196,sedation,AR196.N1,Sedation,10039897,,,
FULYZAQ,AR1,upper respiratory tract infection,AR1.N1,Upper respiratory tract infection,10046306,,,
FULYZAQ,AR2,bronchitis,AR2.N1,Bronchitis,10006451,,,
FULYZAQ,AR3,cough,AR3.N1,Cough,10011224,,,
FULYZAQ,AR4,flatulence,AR4.N1,Flatulence,10016766,,,
FULYZAQ,AR5,increased bilirubin,AR5.N1,Blood bilirubin increased,10005364,Bilirubin increased,10004690,
FULYZAQ,AR6,nausea,AR6.N1,Nausea,10028813,,,
FULYZAQ,AR7,back pain,AR7.N1,Back pain,10003988,,,
FULYZAQ,AR8,arthralgia,AR8.N1,Arthralgia,10003239,,,
FULYZAQ,AR9,urinary tract infection,AR9.N1,Urinary tract infection,10046571,,,
FULYZAQ,AR10,nasopharyngitis,AR10.N1,Nasopharyngitis,10028810,,,
FULYZAQ,AR11,musculoskeletal pain,AR11.N1,Musculoskeletal pain,10028391,,,
FULYZAQ,AR12,hemorrhoids,AR12.N1,Haemorrhoids,10019022,Hemorrhoids,10019611,
FULYZAQ,AR13,giardiasis,AR13.N1,Giardiasis,10018262,,,
FULYZAQ,AR14,anxiety,AR14.N1,Anxiety,10002855,,,
FULYZAQ,AR15,increased alanine aminotransferase,AR15.N1,Alanine aminotransferase increased,10001551,,,
FULYZAQ,AR16,abdominal distension,AR16.N1,Abdominal distension,10000060,,,
FULYZAQ,AR17,abdominal pain,AR17.N1,Abdominal pain,10000081,,,
FULYZAQ,AR18,acne,AR18.N1,Acne,10000496,,,
FULYZAQ,AR19,increased aspartate aminotransferase,AR19.N1,Aspartate aminotransferase increased,10003481,,,
FULYZAQ,AR20,increased conjugated bilirubin,AR20.N1,Bilirubin conjugated increased,10004685,,,
FULYZAQ,AR21,increased unconjugated blood bilirubin,AR21.N1,Blood bilirubin unconjugated increased,10005370,,,
FULYZAQ,AR22,constipation,AR22.N1,Constipation,10010774,,,
FULYZAQ,AR23,depression,AR23.N1,Depression,10012378,,,
FULYZAQ,AR24,dermatitis,AR24.N1,Dermatitis,10012431,,,
FULYZAQ,AR25,dizziness,AR25.N1,Dizziness,10013573,,,
FULYZAQ,AR26,dry mouth,AR26.N1,Dry mouth,10013781,,,
FULYZAQ,AR27,dyspepsia,AR27.N1,Dyspepsia,10013946,,,
FULYZAQ,AR28,gastroenteritis,AR28.N1,Gastroenteritis,10017888,,,
FULYZAQ,AR29,herpes zoster,AR29.N1,Herpes zoster,10019974,,,
FULYZAQ,AR30,nephrolithiasis,AR30.N1,Nephrolithiasis,10029148,,,
FULYZAQ,AR31,pain in extremity,AR31.N1,Pain in extremity,10033425,,,
FULYZAQ,AR32,pollakiuria,AR32.N1,Pollakiuria,10036018,,,
FULYZAQ,AR33,procedural pain,AR33.N1,Procedural pain,10064882,,,
FULYZAQ,AR34,seasonal allergy,AR34.N1,Seasonal allergy,10048908,,,
FULYZAQ,AR35,sinusitis,AR35.N1,Sinusitis,10040753,,,
FULYZAQ,AR36,decreased white blood cell count,AR36.N1,White blood cell count decreased,10047942,,,
EOVIST,AR1,nephrogenic systemic fibrosis,AR1.N1,Nephrogenic systemic fibrosis,10067467,,,
EOVIST,AR2,nsf,AR2.N1,Nephrogenic systemic fibrosis,10067467,,,
EOVIST,AR3,hypersensitivity reactions,AR3.N1,Hypersensitivity,10020751,Hypersensitivity reaction,10020756,
EOVIST,AR4,nausea,AR4.N1,Nausea,10028813,,,
EOVIST,AR5,headache,AR5.N1,Headache,10019211,,,
EOVIST,AR6,feeling hot,AR6.N1,Feeling hot,10016334,,,
EOVIST,AR7,dizziness,AR7.N1,Dizziness,10013573,,,
EOVIST,AR8,back pain,AR8.N1,Back pain,10003988,,,
EOVIST,AR9,vomiting,AR9.N1,Vomiting,10047700,,,
EOVIST,AR10,blood pressure increased,AR10.N1,Blood pressure increased,10005750,,,
EOVIST,AR11,injection site reactions,AR11.N1,Injection site reaction,10022095,,,
EOVIST,AR12,injection site pain,AR12.N1,Injection site pain,10022086,,,
EOVIST,AR13,injection site burning,AR13.N1,Injection site pain,10022086,Injection site burning,10022053,
EOVIST,AR14,injection site coldness,AR14.N1,Injection site coldness,10050082,,,
EOVIST,AR15,injection site extravasation,AR15.N1,Injection site extravasation,10022062,,,
EOVIST,AR16,injection site irritation,AR16.N1,Injection site irritation,10022079,,,
EOVIST,AR17,dysgeusia,AR17.N1,Dysgeusia,10013911,,,
EOVIST,AR18,paresthesia,AR18.N1,Paraesthesia,10033775,Paresthesia,10033987,
EOVIST,AR19,flushing,AR19.N1,Flushing,10016825,,,
EOVIST,AR20,parosmia,AR20.N1,Parosmia,10034018,,,
EOVIST,AR21,pruritus generalized,AR21.N1,Pruritus generalised,10052576,Pruritus generalized,10037092,
EOVIST,AR22,pruritus eye,AR22.N1,Eye pruritus,10052140,,,
EOVIST,AR23,rash,AR23.N1,Rash,10037844,,,
EOVIST,AR24,respiratory disorders,AR24.N1,Respiratory disorder,10038683,,,
EOVIST,AR25,dyspnea,AR25.N1,Dyspnoea,10013968,Dyspnea,10013963,
EOVIST,AR26,respiratory distress,AR26.N1,Respiratory distress,10038687,,,
EOVIST,AR27,fatigue,AR27.N1,Fatigue,10016256,,,
EOVIST,AR28,chest pain,AR28.N1,Chest pain,10008479,,,
EOVIST,AR29,vertigo,AR29.N1,Vertigo,10047340,,,
EOVIST,AR30,dry mouth,AR30.N1,Dry mouth,10013781,,,
EOVIST,AR31,chills,AR31.N1,Chills,10008531,,,
EOVIST,AR32,feeling abnormal,AR32.N1,Feeling abnormal,10016322,,,
EOVIST,AR33,tremor,AR33.N1,Tremor,10044565,,,
EOVIST,AR34,akathisia,AR34.N1,Akathisia,10001540,,,
EOVIST,AR35,bundle branch block,AR35.N1,Bundle branch block,10006578,,,
EOVIST,AR36,palpitation,AR36.N1,Palpitations,10033557,Palpitation,10033556,
EOVIST,AR37,oral discomfort,AR37.N1,Oral discomfort,10030973,,,
EOVIST,AR38,salivary hypersecretion,AR38.N1,Salivary hypersecretion,10039424,,,
EOVIST,AR39,maculopapular rash,AR39.N1,Rash maculo-papular,10037868,Maculopapular rash,10025424,
EOVIST,AR40,hyperhidrosis,AR40.N1,Hyperhidrosis,10020642,,,
EOVIST,AR41,discomfort,AR41.N1,Discomfort,10013082,,,
EOVIST,AR42,malaise,AR42.N1,Malaise,10025482,,,
EOVIST,AR43,elevation of serum iron,AR43.N1,Blood iron increased,10005620,Serum iron increased,10040310,
EOVIST,AR44,elevation of serum bilirubin,AR44.N1,Blood bilirubin increased,10005364,Serum bilirubin increased,10040159,
EOVIST,AR45,anaphylacticshock,AR45.N1,Anaphylactic shock,10002199,,,
EOVIST,AR46,hypotension,AR46.N1,Hypotension,10021097,,,
EOVIST,AR47,pharyngolaryngeal edema,AR47.N1,Laryngeal oedema,10023845,Laryngeal edema,10023838,
EOVIST,AR47,pharyngolaryngeal edema,AR47.N2,Pharyngeal oedema,10034829,Pharyngeal edema,10054544,
EOVIST,AR48,urticaria,AR48.N1,Urticaria,10046735,,,
EOVIST,AR49,face edema,AR49.N1,Face oedema,10016029,Face edema,10016025,
EOVIST,AR50,rhinitis,AR50.N1,Rhinitis,10039083,,,
EOVIST,AR51,conjunctivitis,AR51.N1,Conjunctivitis,10010741,,,
EOVIST,AR52,abdominal pain,AR52.N1,Abdominal pain,10000081,,,
EOVIST,AR53,hypoesthesia,AR53.N1,Hypoaesthesia,10020937,Hypoesthesia,10020976,
EOVIST,AR54,sneezing,AR54.N1,Sneezing,10041232,,,
EOVIST,AR55,cough,AR55.N1,Cough,10011224,,,
EOVIST,AR56,pallor,AR56.N1,Pallor,10033546,,,
EOVIST,AR57,tachycardia,AR57.N1,Tachycardia,10043071,,,
EOVIST,AR58,restlessness,AR58.N1,Restlessness,10038743,,,
EOVIST,AR59,fatal,AR59.N1,Death,10011906,,,
EOVIST,AR60,fibrosis,AR60.N1,Fibrosis,10016642,,,
EOVIST,AR61,anaphylactoid reactions,AR61.N1,Anaphylactoid reaction,10002216,,,
EOVIST,AR62,cardiovascular manifestations,AR62.N1,Cardiovascular symptom,10075534,,,
EOVIST,AR63,respiratory manifestations,AR63.N1,Respiratory symptom,10075535,,,
EOVIST,AR64,cutaneous manifestations,AR64.N1,Cutaneous symptom,10075531,,,
EOVIST,AR65,shock,AR65.N1,Shock,10040560,,,
EOVIST,AR66,anaphylactic reactions,AR66.N1,Anaphylactic reaction,10002198,,,
EOVIST,AR67,hypersensitivity reaction,AR67.N1,Hypersensitivity,10020751,Hypersensitivity reaction,10020756,
EOVIST,AR68,hypersensitivity delayed reactions,AR68.N1,Type IV hypersensitivity reaction,10053613,Delayed type hypersensitivity,10012210,
EOVIST,AR69,acute kidney injury,AR69.N1,Acute kidney injury,10069339,,,
EOVIST,AR70,injection site local tissue reactions,AR70.N1,Injection site reaction,10022095,,,
EOVIST,AR70,injection site local tissue reactions,AR70.N2,Local reaction,10024769,,,
ONFI,AR1,somnolence,AR1.N1,Somnolence,10041349,,,
ONFI,AR2,sedation,AR2.N1,Sedation,10039897,,,
ONFI,AR3,potentiation of sedation,AR3.N1,Sedation,10039897,Sedation aggravated,10048344,
ONFI,AR4,dermatological reactions,AR4.N1,Skin reaction,10040914,,,
ONFI,AR5,physical dependence,AR5.N1,Dependence,10012335,Dependence physiological,10012351,
ONFI,AR6,psychological dependence,AR6.N1,Drug dependence,10013663,Dependence psychological,10012352,
ONFI,AR7,suicidal behavior,AR7.N1,Suicidal behaviour,10065604,Suicidal behavior,10065607,
ONFI,AR8,suicidal ideation,AR8.N1,Suicidal ideation,10042458,,,
ONFI,AR9,constipation,AR9.N1,Constipation,10010774,,,
ONFI,AR10,pyrexia,AR10.N1,Pyrexia,10037660,,,
ONFI,AR11,lethargy,AR11.N1,Lethargy,10024264,,,
ONFI,AR12,drooling,AR12.N1,Drooling,10013642,,,
ONFI,AR13,ataxia,AR13.N1,Ataxia,10003591,,,
ONFI,AR14,aggression,AR14.N1,Aggression,10001488,,,
ONFI,AR15,fatigue,AR15.N1,Fatigue,10016256,,,
ONFI,AR16,insomnia,AR16.N1,Insomnia,10022437,,,
ONFI,AR17,vomiting,AR17.N1,Vomiting,10047700,,,
ONFI,AR18,dysphagia,AR18.N1,Dysphagia,10013950,,,
ONFI,AR19,irritability,AR19.N1,Irritability,10022998,,,
ONFI,AR20,upper respiratory tract infection,AR20.N1,Upper respiratory tract infection,10046306,,,
ONFI,AR21,pneumonia,AR21.N1,Pneumonia,10035664,,,
ONFI,AR22,urinary tract infection,AR22.N1,Urinary tract infection,10046571,,,
ONFI,AR23,bronchitis,AR23.N1,Bronchitis,10006451,,,
ONFI,AR24,decreased appetite,AR24.N1,Decreased appetite,10061428,,,
ONFI,AR25,increased appetite,AR25.N1,Increased appetite,10021654,,,
ONFI,AR26,psychomotor hyperactivity,AR26.N1,Psychomotor hyperactivity,10037211,,,
ONFI,AR27,dysarthria,AR27.N1,Dysarthria,10013887,,,
ONFI,AR28,cough,AR28.N1,Cough,10011224,,,
ONFI,AR29,anemia,AR29.N1,Anaemia,10002034,Anemia,10002272,
ONFI,AR30,eosinophilia,AR30.N1,Eosinophilia,10014950,,,
ONFI,AR31,leukopenia,AR31.N1,Leukopenia,10024384,,,
ONFI,AR32,thrombocytopenia,AR32.N1,Thrombocytopenia,10043554,,,
ONFI,AR33,diplopia,AR33.N1,Diplopia,10013036,,,
ONFI,AR34,vision blurred,AR34.N1,Vision blurred,10047513,,,
ONFI,AR35,abdominal distention,AR35.N1,Abdominal distension,10000060,,,
ONFI,AR36,hypothermia,AR36.N1,Hypothermia,10021113,,,
ONFI,AR37,hepatic enzyme increased,AR37.N1,Hepatic enzyme increased,10060795,,,
ONFI,AR38,muscle spasms,AR38.N1,Muscle spasms,10028334,,,
ONFI,AR39,agitation,AR39.N1,Agitation,10001497,,,
ONFI,AR40,anxiety,AR40.N1,Anxiety,10002855,,,
ONFI,AR41,apathy,AR41.N1,Apathy,10002942,,,
ONFI,AR42,confusional state,AR42.N1,Confusional state,10010305,,,
ONFI,AR43,depression,AR43.N1,Depression,10012378,,,
ONFI,AR44,delirium,AR44.N1,Delirium,10012218,,,
ONFI,AR45,delusion,AR45.N1,Delusion,10012239,,,
ONFI,AR46,hallucination,AR46.N1,Hallucination,10019063,,,
ONFI,AR47,urinary retention,AR47.N1,Urinary retention,10046555,,,
ONFI,AR48,aspiration,AR48.N1,Aspiration,10003504,,,
ONFI,AR49,respiratory depression,AR49.N1,Respiratory depression,10038678,,,
ONFI,AR50,rash,AR50.N1,Rash,10037844,,,
ONFI,AR51,urticaria,AR51.N1,Urticaria,10046735,,,
ONFI,AR52,angioedema,AR52.N1,Angioedema,10002424,,,
ONFI,AR53,facial edema,AR53.N1,Face oedema,10016029,Face edema,10016025,
ONFI,AR54,lip edema,AR54.N1,Lip oedema,10024558,Lip edema,10024553,
ONFI,AR55,stevens-johnson syndrome,AR55.N1,Stevens-Johnson syndrome,10042033,,,
ONFI,AR56,toxic epidermal necrolysis,AR56.N1,Toxic epidermal necrolysis,10044223,,,
ONFI,AR57,skin reactions,AR57.N1,Skin reaction,10040914,,,
ONFI,AR58,sjs,AR58.N1,Stevens-Johnson syndrome,10042033,,,
ONFI,AR59,ten,AR59.N1,Toxic epidermal necrolysis,10044223,TEN,10043221,
ONFI,AR60,suicidal thoughts,AR60.N1,Suicidal ideation,10042458,,,
ONFI,AR61,suicides,AR61.N1,Completed suicide,10010144,Suicide,10042462,
ONFI,AR62,suicide,AR62.N1,Completed suicide,10010144,Suicide,10042462,
COMETRIQ,AR1,perforations,AR1.N1,Perforation,10076705,,,
COMETRIQ,AR2,fistula,AR2.N1,Fistula,10016717,,,
COMETRIQ,AR3,hemorrhage,AR3.N1,Haemorrhage,10055798,Hemorrhage,10019524,
COMETRIQ,AR4,thromboembolic events,AR4.N1,Embolism,10061169,Thromboembolic event,10043565,
COMETRIQ,AR5,wound complications,AR5.N1,Wound complication,10053692,,,
COMETRIQ,AR6,hypertension,AR6.N1,Hypertension,10020772,,,
COMETRIQ,AR7,osteonecrosis of the jaw,AR7.N1,Osteonecrosis of jaw,10064658,,,
COMETRIQ,AR8,palmar-plantar erythrodysesthesia syndrome,AR8.N1,Palmar-plantar erythrodysaesthesia syndrome,10033553,Palmar-plantar erythrodysesthesia syndrome,10054524,
COMETRIQ,AR9,proteinuria,AR9.N1,Proteinuria,10037032,,,
COMETRIQ,AR10,reversible posterior leukoencephalopathy syndrome,AR10.N1,Posterior reversible encephalopathy syndrome,10071066,Reversible posterior leukoencephalopathy syndrome,10063761,
COMETRIQ,AR11,diarrhea,AR11.N1,Diarrhoea,10012735,Diarrhea,10012727,
COMETRIQ,AR12,stomatitis,AR12.N1,Stomatitis,10042128,,,
COMETRIQ,AR13,ppes,AR13.N1,Palmar-plantar erythrodysaesthesia syndrome,10033553,Palmar-plantar erythrodysesthesia syndrome,10054524,
COMETRIQ,AR14,decreased weight,AR14.N1,Weight decreased,10047895,,,
COMETRIQ,AR15,decreased appetite,AR15.N1,Decreased appetite,10061428,,,
COMETRIQ,AR16,nausea,AR16.N1,Nausea,10028813,,,
COMETRIQ,AR17,fatigue,AR17.N1,Fatigue,10016256,,,
COMETRIQ,AR18,oral pain,AR18.N1,Oral pain,10031009,,,
COMETRIQ,AR19,hair color changes,AR19.N1,Hair colour changes,10019030,Hair color changes,10055525,
COMETRIQ,AR20,dysgeusia,AR20.N1,Dysgeusia,10013911,,,
COMETRIQ,AR21,abdominal pain,AR21.N1,Abdominal pain,10000081,,,
COMETRIQ,AR22,constipation,AR22.N1,Constipation,10010774,,,
COMETRIQ,AR23,increased ast,AR23.N1,Aspartate aminotransferase increased,10003481,AST increased,10003544,
COMETRIQ,AR24,increased alt,AR24.N1,Alanine aminotransferase increased,10001551,ALT increased,10001845,
COMETRIQ,AR25,lymphopenia,AR25.N1,Lymphopenia,10025327,,,
COMETRIQ,AR26,increased alkaline phosphatase,AR26.N1,Blood alkaline phosphatase increased,10059570,Alkaline phosphatase increased,10001675,
COMETRIQ,AR27,hypocalcemia,AR27.N1,Hypocalcaemia,10020947,Hypocalcemia,10020949,
COMETRIQ,AR28,neutropenia,AR28.N1,Neutropenia,10029354,,,
COMETRIQ,AR29,thrombocytopenia,AR29.N1,Thrombocytopenia,10043554,,,
COMETRIQ,AR30,hypophosphatemia,AR30.N1,Hypophosphataemia,10021058,Hypophosphatemia,10021059,
COMETRIQ,AR31,hyperbilirubinemia,AR31.N1,Hyperbilirubinaemia,10020578,Hyperbilirubinemia,10020582,
COMETRIQ,AR32,increased alp,AR32.N1,Blood alkaline phosphatase increased,10059570,ALP increased,10001771,
COMETRIQ,AR33,asthenia,AR33.N1,Asthenia,10003549,,,
COMETRIQ,AR34,fatal,AR34.N1,Death,10011906,,,
COMETRIQ,AR35,pneumonia,AR35.N1,Pneumonia,10035664,,,
COMETRIQ,AR36,septicemia,AR36.N1,Sepsis,10040047,Septicemia,10040089,
COMETRIQ,AR37,fistulas,AR37.N1,Fistula,10016717,,,
COMETRIQ,AR38,cardiac arrest,AR38.N1,Cardiac arrest,10007515,,,
COMETRIQ,AR39,respiratory failure,AR39.N1,Respiratory failure,10038695,,,
COMETRIQ,AR40,death,AR40.N1,Death,10011906,,,
COMETRIQ,AR41,increased lipase,AR41.N1,Lipase increased,10024574,,,
COMETRIQ,AR42,pancreatitis,AR42.N1,Pancreatitis,10033645,,,
COMETRIQ,AR43,tracheal fistula formation,AR43.N1,Tracheal fistula,10065787,,,
COMETRIQ,AR44,vomiting,AR44.N1,Vomiting,10047700,,,
COMETRIQ,AR45,increased levels of thyroid stimulating hormone,AR45.N1,Blood thyroid stimulating hormone increased,10005833,Thyroid stimulating hormone increased,10043770,
COMETRIQ,AR46,dysphagia,AR46.N1,Dysphagia,10013950,,,
COMETRIQ,AR47,dyspepsia,AR47.N1,Dyspepsia,10013946,,,
COMETRIQ,AR48,hemorrhoids,AR48.N1,Haemorrhoids,10019022,Hemorrhoids,10019611,
COMETRIQ,AR49,dehydration,AR49.N1,Dehydration,10012174,,,
COMETRIQ,AR50,arthralgia,AR50.N1,Arthralgia,10003239,,,
COMETRIQ,AR51,muscle spasms,AR51.N1,Muscle spasms,10028334,,,
COMETRIQ,AR52,musculoskeletal chest pain,AR52.N1,Musculoskeletal chest pain,10050819,,,
COMETRIQ,AR53,headache,AR53.N1,Headache,10019211,,,
COMETRIQ,AR54,dizziness,AR54.N1,Dizziness,10013573,,,
COMETRIQ,AR55,paresthesia,AR55.N1,Paraesthesia,10033775,Paresthesia,10033987,
COMETRIQ,AR56,peripheral sensory neuropathy,AR56.N1,Peripheral sensory neuropathy,10034620,,,
COMETRIQ,AR57,peripheral neuropathy,AR57.N1,Neuropathy peripheral,10029331,,,
COMETRIQ,AR58,anxiety,AR58.N1,Anxiety,10002855,,,
COMETRIQ,AR59,dysphonia,AR59.N1,Dysphonia,10013952,,,
COMETRIQ,AR60,hair color depigmentation,AR60.N1,Hair colour changes,10019030,Hair depigmented,10019033,
COMETRIQ,AR61,hair color graying,AR61.N1,Hair colour changes,10019030,Hair color changes,10055525,underspecified
COMETRIQ,AR62,rash,AR62.N1,Rash,10037844,,,
COMETRIQ,AR63,dry skin,AR63.N1,Dry skin,10013786,,,
COMETRIQ,AR64,alopecia,AR64.N1,Alopecia,10001760,,,
COMETRIQ,AR65,erythema,AR65.N1,Erythema,10015150,,,
COMETRIQ,AR66,hyperkeratosis,AR66.N1,Hyperkeratosis,10020649,,,
COMETRIQ,AR67,hypotension,AR67.N1,Hypotension,10021097,,,
COMETRIQ,AR68,hypomagnesemia,AR68.N1,Hypomagnesaemia,10021027,Hypomagnesemia,10021028,
COMETRIQ,AR69,hypokalemia,AR69.N1,Hypokalaemia,10021015,Hypokalemia,10021018,
COMETRIQ,AR70,hyponatremia,AR70.N1,Hyponatraemia,10021036,Hyponatremia,10021038,
COMETRIQ,AR71,elevated blood pressure,AR71.N1,Blood pressure increased,10005750,,,
COMETRIQ,AR72,pre-hypertension,AR72.N1,Prehypertension,10065918,,,
COMETRIQ,AR73,gastrointestinal perforations,AR73.N1,Gastrointestinal perforation,10018001,,,
COMETRIQ,AR74,fistula formation,AR74.N1,Fistula,10016717,,,
COMETRIQ,AR75,hemoptysis,AR75.N1,Haemoptysis,10018964,Hemoptysis,10019523,
COMETRIQ,AR76,gastrointestinal hemorrhage,AR76.N1,Gastrointestinal haemorrhage,10017955,Gastrointestinal hemorrhage,10017960,
COMETRIQ,AR77,thrombotic events,AR77.N1,Thrombosis,10043607,,,
COMETRIQ,AR78,rpls,AR78.N1,Posterior reversible encephalopathy syndrome,10071066,Reversible posterior leukoencephalopathy syndrome,10063761,
COMETRIQ,AR79,embryofetal toxicity,AR79.N1,Maternal drugs affecting foetus,10026923,Drug toxicity NEC affecting foetus,10013750,
COMETRIQ,AR80,fetal harm,AR80.N1,Foetal damage,10016852,Fetal damage,10054743,
COMETRIQ,AR81,gastrointestinal fistulas,AR81.N1,Gastrointestinal fistula,10017877,,,
COMETRIQ,AR82,gi perforations,AR82.N1,Gastrointestinal perforation,10018001,GI perforation,10018242,
COMETRIQ,AR83,gi fistulas,AR83.N1,Gastrointestinal fistula,10017877,,,
COMETRIQ,AR84,gi fistula,AR84.N1,Gastrointestinal fistula,10017877,,,
COMETRIQ,AR85,non-gi fistulas,AR85.N1,Fistula,10016717,,,
COMETRIQ,AR86,fistulas tracheal,AR86.N1,Tracheal fistula,10065787,,,
COMETRIQ,AR87,fistulas esophageal,AR87.N1,Oesophageal fistula,10065835,Esophageal fistula,10065851,
COMETRIQ,AR88,hemorrhagic events,AR88.N1,Haemorrhage,10055798,Hemorrhage,10019524,
COMETRIQ,AR89,venous thromboembolism,AR89.N1,Embolism venous,10014522,Venous thromboembolism,10066899,
COMETRIQ,AR90,arterial thromboembolism,AR90.N1,Embolism arterial,10014513,Arterial thromboembolism,10073529,
COMETRIQ,AR91,onj,AR91.N1,Osteonecrosis of jaw,10064658,,,
COMETRIQ,AR92,jaw pain,AR92.N1,Pain in jaw,10033433,Jaw pain,10023157,
COMETRIQ,AR93,osteomyelitis,AR93.N1,Osteomyelitis,10031252,,,
COMETRIQ,AR94,osteitis,AR94.N1,Osteitis,10031149,,,
COMETRIQ,AR95,bone erosion,AR95.N1,Bone erosion,10051728,,,
COMETRIQ,AR96,tooth infection,AR96.N1,Tooth infection,10048762,,,
COMETRIQ,AR97,periodontal infection,AR97.N1,Periodontitis,10034539,Periodontal infection,10034538,
COMETRIQ,AR98,toothache,AR98.N1,Toothache,10044055,,,
COMETRIQ,AR99,gingival ulceration,AR99.N1,Gingival ulceration,10049398,,,
COMETRIQ,AR100,gingival erosion,AR100.N1,Gingival erosion,10018282,,,
COMETRIQ,AR101,persistent jaw pain,AR101.N1,Pain in jaw,10033433,Jaw pain,10023157,
COMETRIQ,AR102,slow healing of the mouth after dental surgery,AR102.N1,Impaired healing,10021519,Delayed healing of wound,10012200,underspecified
COMETRIQ,AR103,slow healing of the jaw after dental surgery,AR103.N1,Impaired healing,10021519,Delayed healing of wound,10012200,underspecified
COMETRIQ,AR104,nephrotic syndrome,AR104.N1,Nephrotic syndrome,10029164,,,
COMETRIQ,AR105,subcortical vasogenic edema,AR105.N1,Vasogenic cerebral oedema,10067275,Vasogenic cerebral edema,10067278,underspecified
NULOJIX,AR1,ptld,AR1.N1,Post transplant lymphoproliferative disorder,10051358,,,
NULOJIX,AR2,cns ptld,AR2.N1,Nervous system disorder,10029202,,,
NULOJIX,AR2,cns ptld,AR2.N2,Post transplant lymphoproliferative disorder,10051358,,,
NULOJIX,AR3,malignancies,AR3.N1,Neoplasm malignant,10028997,,,
NULOJIX,AR4,infections,AR4.N1,Infection,10021789,,,
NULOJIX,AR5,jc virus,AR5.N1,JC virus infection,10023163,,,
NULOJIX,AR6,pml,AR6.N1,Progressive multifocal leukoencephalopathy,10036807,,,
NULOJIX,AR7,polyoma virus nephropathy,AR7.N1,Polyomavirus-associated nephropathy,10065381,,,
NULOJIX,AR8,anemia,AR8.N1,Anaemia,10002034,Anemia,10002272,
NULOJIX,AR9,diarrhea,AR9.N1,Diarrhoea,10012735,Diarrhea,10012727,
NULOJIX,AR10,urinary tract infection,AR10.N1,Urinary tract infection,10046571,,,
NULOJIX,AR11,peripheral edema,AR11.N1,Oedema peripheral,10030124,Peripheral edema,10034570,
NULOJIX,AR12,constipation,AR12.N1,Constipation,10010774,,,
NULOJIX,AR13,hypertension,AR13.N1,Hypertension,10020772,,,
NULOJIX,AR14,pyrexia,AR14.N1,Pyrexia,10037660,,,
NULOJIX,AR15,graft dysfunction,AR15.N1,Transplant dysfunction,10074860,Graft dysfunction,10059677,
NULOJIX,AR16,cough,AR16.N1,Cough,10011224,,,
NULOJIX,AR17,nausea,AR17.N1,Nausea,10028813,,,
NULOJIX,AR18,vomiting,AR18.N1,Vomiting,10047700,,,
NULOJIX,AR19,headache,AR19.N1,Headache,10019211,,,
NULOJIX,AR20,hypokalemia,AR20.N1,Hypokalaemia,10021015,Hypokalemia,10021018,
NULOJIX,AR21,hyperkalemia,AR21.N1,Hyperkalaemia,10020646,Hyperkalemia,10020647,
NULOJIX,AR22,leukopenia,AR22.N1,Leukopenia,10024384,,,
NULOJIX,AR23,cns infections,AR23.N1,Central nervous system infection,10061036,,,
NULOJIX,AR24,cytomegalovirus infection,AR24.N1,Cytomegalovirus infection,10011831,,,
NULOJIX,AR25,complications of transplanted kidney,AR25.N1,Complications of transplanted kidney,10010185,,,
NULOJIX,AR26,post-transplant lymphoproliferative disorder,AR26.N1,Post transplant lymphoproliferative disorder,10051358,,,
NULOJIX,AR27,non-cnsptld,AR27.N1,Post transplant lymphoproliferative disorder,10051358,,,underspecified
NULOJIX,AR28,non-melanoma skin cancer,AR28.N1,Skin cancer,10040808,Cancer of skin (excl melanoma),10007116,
NULOJIX,AR29,fatal,AR29.N1,Death,10011906,,,
NULOJIX,AR30,progressive multifocal leukoencephalopathy,AR30.N1,Progressive multifocal leukoencephalopathy,10036807,,,
NULOJIX,AR31,infectious etiology,AR31.N1,Infection,10021789,,,
NULOJIX,AR32,fungal infections,AR32.N1,Fungal infection,10017533,,,
NULOJIX,AR33,skin fungal infections,AR33.N1,Fungal skin infection,10017543,,,
NULOJIX,AR34,mucocutaneous fungal infections,AR34.N1,Fungal infection,10017533,Infection fungal (mycotic),10021815,
NULOJIX,AR35,tuberculosis,AR35.N1,Tuberculosis,10044755,,,
NULOJIX,AR36,herpes infections,AR36.N1,Herpes virus infection,10019973,Herpes infection,10019941,
NULOJIX,AR37,infections bacterial,AR37.N1,Bacterial infection,10060945,,,
NULOJIX,AR38,infections viral,AR38.N1,Viral infection,10047461,,,
NULOJIX,AR39,infections fungal,AR39.N1,Fungal infection,10017533,,,
NULOJIX,AR40,infectious adverse reactions,AR40.N1,Infection,10021789,,,
NULOJIX,AR41,death,AR41.N1,Death,10011906,,,
NULOJIX,AR42,bk virus-associated nephropathy,AR42.N1,Polyomavirus-associated nephropathy,10065381,BK virus nephropathy,10065333,
NULOJIX,AR43,infections cmv,AR43.N1,Cytomegalovirus infection,10011831,CMV infection,10009703,
NULOJIX,AR44,infections polyoma virus,AR44.N1,Human polyomavirus infection,10057366,,,
NULOJIX,AR45,infections herpes,AR45.N1,Herpes virus infection,10019973,Herpes infection,10019941,
NULOJIX,AR46,cryptococcal meningitis,AR46.N1,Meningitis cryptococcal,10027209,Cryptococcal meningitis,10011487,
NULOJIX,AR47,chagas encephalitis,AR47.N1,American trypanosomiasis,10001935,Chagas' disease with other organ involvement,10008386,
NULOJIX,AR47,chagas encephalitis,AR47.N2,Encephalitis,10014581,,,
NULOJIX,AR48,cerebral aspergillosis,AR48.N1,Cerebral aspergillosis,10051597,,,
NULOJIX,AR49,west nile encephalitis,AR49.N1,West Nile viral infection,10057293,West Nile virus meningoencephalitis,10065184,
NULOJIX,AR50,infusion-related reactions,AR50.N1,Infusion related reaction,10051792,,,
NULOJIX,AR51,hypotension,AR51.N1,Hypotension,10021097,,,
NULOJIX,AR52,proteinuria,AR52.N1,Proteinuria,10037032,,,
NULOJIX,AR53,early proteinuria,AR53.N1,Proteinuria,10037032,,,
NULOJIX,AR54,new-onset diabetes after transplantation,AR54.N1,Diabetes mellitus,10012601,Post transplant diabetes mellitus,10063634,
NULOJIX,AR55,nodat,AR55.N1,Diabetes mellitus,10012601,Post transplant diabetes mellitus,10063634,
NULOJIX,AR56,upper respiratory infection,AR56.N1,Upper respiratory tract infection,10046306,Upper respiratory infection,10046300,
NULOJIX,AR57,nasopharyngitis,AR57.N1,Nasopharyngitis,10028810,,,
NULOJIX,AR58,influenza,AR58.N1,Influenza,10022000,,,
NULOJIX,AR59,bronchitis,AR59.N1,Bronchitis,10006451,,,
NULOJIX,AR60,abdominal pain,AR60.N1,Abdominal pain,10000081,,,
NULOJIX,AR61,abdominal pain upper,AR61.N1,Abdominal pain upper,10000087,,,
NULOJIX,AR62,hypophosphatemia,AR62.N1,Hypophosphataemia,10021058,Hypophosphatemia,10021059,
NULOJIX,AR63,dyslipidemia,AR63.N1,Dyslipidaemia,10058108,Dyslipidemia,10058110,
NULOJIX,AR64,hyperglycemia,AR64.N1,Hyperglycaemia,10020635,Hyperglycemia,10020639,
NULOJIX,AR65,hypocalcemia,AR65.N1,Hypocalcaemia,10020947,Hypocalcemia,10020949,
NULOJIX,AR66,hypercholesterolemia,AR66.N1,Hypercholesterolaemia,10020603,Hypercholesterolemia,10020604,
NULOJIX,AR67,hypomagnesemia,AR67.N1,Hypomagnesaemia,10021027,Hypomagnesemia,10021028,
NULOJIX,AR68,hyperuricemia,AR68.N1,Hyperuricaemia,10020903,Hyperuricemia,10020907,
NULOJIX,AR69,hematuria,AR69.N1,Haematuria,10018867,Hematuria,10019450,
NULOJIX,AR70,dysuria,AR70.N1,Dysuria,10013990,,,
NULOJIX,AR71,renal tubular necrosis,AR71.N1,Renal tubular necrosis,10038540,,,
NULOJIX,AR72,dyspnea,AR72.N1,Dyspnoea,10013968,Dyspnea,10013963,
NULOJIX,AR73,blood creatinine increased,AR73.N1,Blood creatinine increased,10005483,,,
NULOJIX,AR74,arthralgia,AR74.N1,Arthralgia,10003239,,,
NULOJIX,AR75,back pain,AR75.N1,Back pain,10003988,,,
NULOJIX,AR76,dizziness,AR76.N1,Dizziness,10013573,,,
NULOJIX,AR77,tremor,AR77.N1,Tremor,10044565,,,
NULOJIX,AR78,acne,AR78.N1,Acne,10000496,,,
NULOJIX,AR79,insomnia,AR79.N1,Insomnia,10022437,,,
NULOJIX,AR80,anxiety,AR80.N1,Anxiety,10002855,,,
NULOJIX,AR81,guillain-barre syndrome,AR81.N1,Guillain-Barre syndrome,10018767,,,
NULOJIX,AR82,stomatitis,AR82.N1,Stomatitis,10042128,,,
NULOJIX,AR83,aphthous stomatitis,AR83.N1,Aphthous ulcer,10002959,Aphthous stomatitis,10002958,
NULOJIX,AR84,chronic allograft nephropathy,AR84.N1,Chronic allograft nephropathy,10063209,,,
NULOJIX,AR85,wound dehiscence,AR85.N1,Wound dehiscence,10048031,,,
NULOJIX,AR86,arteriovenous fistula thrombosis,AR86.N1,Arteriovenous fistula thrombosis,10003192,,,
NULOJIX,AR87,neutropenia,AR87.N1,Neutropenia,10029354,,,
NULOJIX,AR88,renal impairment,AR88.N1,Renal impairment,10062237,,,
NULOJIX,AR89,acute renal failure,AR89.N1,Acute kidney injury,10069339,Acute renal failure,10001041,
NULOJIX,AR90,renal artery stenosis,AR90.N1,Renal artery stenosis,10038378,,,
NULOJIX,AR91,urinary incontinence,AR91.N1,Urinary incontinence,10046543,,,
NULOJIX,AR92,hydronephrosis,AR92.N1,Hydronephrosis,10020524,,,
NULOJIX,AR93,hematoma,AR93.N1,Haematoma,10018852,Hematoma,10019428,
NULOJIX,AR94,lymphocele,AR94.N1,Lymphocele,10048642,,,
NULOJIX,AR95,musculoskeletal pain,AR95.N1,Musculoskeletal pain,10028391,,,
NULOJIX,AR96,alopecia,AR96.N1,Alopecia,10001760,,,
NULOJIX,AR97,hyperhidrosis,AR97.N1,Hyperhidrosis,10020642,,,
NULOJIX,AR98,atrial fibrillation,AR98.N1,Atrial fibrillation,10003658,,,
NULOJIX,AR99,increased susceptibility to infection,AR99.N1,Infection susceptibility increased,10021866,,,
NULOJIX,AR100,bacterial infections,AR100.N1,Bacterial infection,10060945,,,
NULOJIX,AR101,viral infections,AR101.N1,Viral infection,10047461,,,
NULOJIX,AR102,protozoal infections,AR102.N1,Infection protozoal,10021859,,,
NULOJIX,AR103,opportunistic infections,AR103.N1,Opportunistic infection,10030901,,,
NULOJIX,AR104,polyoma virus-associated nephropathy,AR104.N1,Polyomavirus-associated nephropathy,10065381,,,
NULOJIX,AR105,kidney graft loss,AR105.N1,Renal transplant failure,10074495,Renal graft loss,10048749,
NULOJIX,AR106,acute rejection graft,AR106.N1,Transplant rejection,10044439,Acute graft rejection,10066615,
NULOJIX,AR107,graft loss,AR107.N1,Graft loss,10048748,,,
NULOJIX,AR108,malignancies skin,AR108.N1,Skin cancer,10040808,Skin neoplasm malignant,10040895,
NULOJIX,AR109,cytomegalovirus infections,AR109.N1,Cytomegalovirus infection,10011831,,,
NULOJIX,AR110,cmv infections,AR110.N1,Cytomegalovirus infection,10011831,CMV infection,10009703,
NULOJIX,AR111,pvan,AR111.N1,Polyomavirus-associated nephropathy,10065381,,,
NULOJIX,AR112,bk virus infection,AR112.N1,BK virus infection,10055181,,,
NULOJIX,AR113,deteriorating renal function,AR113.N1,Renal impairment,10062237,Function kidney decreased,10017474,
NULOJIX,AR114,graft rejections,AR114.N1,Transplant rejection,10044439,Graft rejection,10018650,
NULOJIX,AR115,post-transplant acute rejection,AR115.N1,Transplant rejection,10044439,Acute graft rejection,10066615,
NULOJIX,AR116,graft rejection,AR116.N1,Transplant rejection,10044439,Graft rejection,10018650,
GILOTRIF,AR1,diarrhea,AR1.N1,Diarrhoea,10012735,Diarrhea,10012727,
GILOTRIF,AR2,bullous skin disorders,AR2.N1,Dermatitis bullous,10012441,,,
GILOTRIF,AR3,exfoliative skin disorders,AR3.N1,Skin exfoliation,10040844,,,
GILOTRIF,AR4,interstitial lung disease,AR4.N1,Interstitial lung disease,10022611,,,
GILOTRIF,AR5,hepatic toxicity,AR5.N1,Hepatotoxicity,10019851,,,
GILOTRIF,AR6,keratitis,AR6.N1,Keratitis,10023332,,,
GILOTRIF,AR7,rash,AR7.N1,Rash,10037844,,,
GILOTRIF,AR8,dermatitis acneiform,AR8.N1,Dermatitis acneiform,10012432,,,
GILOTRIF,AR9,stomatitis,AR9.N1,Stomatitis,10042128,,,
GILOTRIF,AR10,paronychia,AR10.N1,Paronychia,10034016,,,
GILOTRIF,AR11,dry skin,AR11.N1,Dry skin,10013786,,,
GILOTRIF,AR12,decreased appetite,AR12.N1,Decreased appetite,10061428,,,
GILOTRIF,AR13,nausea,AR13.N1,Nausea,10028813,,,
GILOTRIF,AR14,vomiting,AR14.N1,Vomiting,10047700,,,
GILOTRIF,AR15,pruritus,AR15.N1,Pruritus,10037087,,,
GILOTRIF,AR16,dyspnea,AR16.N1,Dyspnoea,10013968,Dyspnea,10013963,
GILOTRIF,AR17,fatigue,AR17.N1,Fatigue,10016256,,,
GILOTRIF,AR18,hypokalemia,AR18.N1,Hypokalaemia,10021015,Hypokalemia,10021018,
GILOTRIF,AR19,fatal,AR19.N1,Death,10011906,,,
GILOTRIF,AR20,pulmonary toxicity,AR20.N1,Pulmonary toxicity,10061924,,,
GILOTRIF,AR21,ild-like adverse reactions,AR21.N1,Interstitial lung disease,10022611,,,
GILOTRIF,AR22,sepsis,AR22.N1,Sepsis,10040047,,,
GILOTRIF,AR23,pneumonia,AR23.N1,Pneumonia,10035664,,,
GILOTRIF,AR24,acne,AR24.N1,Acne,10000496,,,
GILOTRIF,AR25,ild,AR25.N1,Interstitial lung disease,10022611,,,
GILOTRIF,AR26,ventricular dysfunction,AR26.N1,Ventricular dysfunction,10059056,,,
GILOTRIF,AR27,diastolic dysfunction,AR27.N1,Diastolic dysfunction,10052337,,,
GILOTRIF,AR28,left ventricular dysfunction,AR28.N1,Left ventricular dysfunction,10049694,,,
GILOTRIF,AR29,ventricular dilation,AR29.N1,Dilatation ventricular,10013012,,,
GILOTRIF,AR30,aphthous stomatitis,AR30.N1,Aphthous ulcer,10002959,Aphthous stomatitis,10002958,
GILOTRIF,AR31,mucosal inflammation,AR31.N1,Mucosal inflammation,10028116,,,
GILOTRIF,AR32,mouth ulceration,AR32.N1,Mouth ulceration,10028034,,,
GILOTRIF,AR33,oral mucosa erosion,AR33.N1,Oral mucosa erosion,10064594,,,
GILOTRIF,AR34,mucosal erosion,AR34.N1,Mucosal erosion,10061297,,,
GILOTRIF,AR35,mucosal ulceration,AR35.N1,Mucosal ulceration,10028124,,,
GILOTRIF,AR36,acne pustular,AR36.N1,Acne pustular,10000513,,,
GILOTRIF,AR37,nail infection,AR37.N1,Nail infection,10061304,,,
GILOTRIF,AR38,nail bed infection,AR38.N1,Nail bed infection,10061303,,,
GILOTRIF,AR39,cheilitis,AR39.N1,Cheilitis,10008417,,,
GILOTRIF,AR40,cystitis,AR40.N1,Cystitis,10011781,,,
GILOTRIF,AR41,epistaxis,AR41.N1,Epistaxis,10015090,,,
GILOTRIF,AR42,rhinorrhea,AR42.N1,Rhinorrhoea,10039101,Rhinorrhea,10039100,
GILOTRIF,AR43,weight decreased,AR43.N1,Weight decreased,10047895,,,
GILOTRIF,AR44,pyrexia,AR44.N1,Pyrexia,10037660,,,
GILOTRIF,AR45,conjunctivitis,AR45.N1,Conjunctivitis,10010741,,,
GILOTRIF,AR46,blood potassium decreased,AR46.N1,Blood potassium decreased,10005724,,,
GILOTRIF,AR47,alanine aminotransferase increased,AR47.N1,Alanine aminotransferase increased,10001551,,,
GILOTRIF,AR48,aspartate aminotransferase increased,AR48.N1,Aspartate aminotransferase increased,10003481,,,
GILOTRIF,AR49,pancreatitis,AR49.N1,Pancreatitis,10033645,,,
GILOTRIF,AR50,dehydration,AR50.N1,Dehydration,10012174,,,
GILOTRIF,AR51,renal failure,AR51.N1,Renal failure,10038435,,,
GILOTRIF,AR52,skin bullous lesions,AR52.N1,Dermatitis bullous,10012441,Bullous dermatitis,10006556,
GILOTRIF,AR53,skin blistering lesions,AR53.N1,Blister,10005191,,,
GILOTRIF,AR54,skin exfoliating lesions,AR54.N1,Dermatitis exfoliative,10012455,Exfoliative dermatitis,10015665,
GILOTRIF,AR55,hepatic impairment,AR55.N1,Liver disorder,10024670,Hepatic impairment,10052254,
GILOTRIF,AR56,embryofetal toxicity,AR56.N1,Maternal drugs affecting foetus,10026923,Drug toxicity NEC affecting foetus,10013750,
GILOTRIF,AR57,fetal harm,AR57.N1,Foetal damage,10016852,Fetal damage,10054743,
GILOTRIF,AR58,renal impairment,AR58.N1,Renal impairment,10062237,,,
GILOTRIF,AR59,cutaneous reactions,AR59.N1,Skin reaction,10040914,,,
GILOTRIF,AR60,bullous lesions,AR60.N1,Dermatitis bullous,10012441,Bullous lesions,10006565,
GILOTRIF,AR61,blistering lesions,AR61.N1,Blister,10005191,Blistering,10005214,
GILOTRIF,AR62,exfoliating lesions,AR62.N1,Skin exfoliation,10040844,,,
GILOTRIF,AR63,erythema,AR63.N1,Erythema,10015150,,,
GILOTRIF,AR64,acneiform rash,AR64.N1,Dermatitis acneiform,10012432,Rash acneiform,10037847,
GILOTRIF,AR65,palmar-plantar erythrodysesthesia syndrome,AR65.N1,Palmar-plantar erythrodysaesthesia syndrome,10033553,Palmar-plantar erythrodysesthesia syndrome,10054524,
GILOTRIF,AR66,lung infiltration,AR66.N1,Lung infiltration,10025102,,,
GILOTRIF,AR67,pneumonitis,AR67.N1,Pneumonitis,10035742,,,
GILOTRIF,AR68,acute respiratory distress syndrome,AR68.N1,Acute respiratory distress syndrome,10001052,,,
GILOTRIF,AR69,alveolitis allergic,AR69.N1,Alveolitis allergic,10001890,,,
GILOTRIF,AR70,death,AR70.N1,Death,10011906,,,
GILOTRIF,AR71,liver test abnormalities,AR71.N1,Liver function test abnormal,10024690,Liver function tests multiple abnorm,10024694,
GILOTRIF,AR72,acute eye inflammation,AR72.N1,Eye inflammation,10015943,,,
GILOTRIF,AR73,worsening eye inflammation,AR73.N1,Eye inflammation,10015943,,,
GILOTRIF,AR74,lacrimation,AR74.N1,Lacrimation increased,10023644,Lacrimation,10023639,
GILOTRIF,AR75,light sensitivity,AR75.N1,Photophobia,10034960,,,
GILOTRIF,AR76,blurred vision,AR76.N1,Vision blurred,10047513,Blurred vision,10005886,
GILOTRIF,AR77,eye pain,AR77.N1,Eye pain,10015958,,,
GILOTRIF,AR78,red eye,AR78.N1,Ocular hyperaemia,10030041,Red eye,10038189,
GILOTRIF,AR79,embryotoxic,AR79.N1,Maternal drugs affecting foetus,10026923,Drug toxicity NEC affecting foetus,10013750,
DATSCAN,AR1,hypersensitivity,AR1.N1,Hypersensitivity,10020751,,,
DATSCAN,AR2,injection site reactions,AR2.N1,Injection site reaction,10022095,,,
DATSCAN,AR3,headache,AR3.N1,Headache,10019211,,,
DATSCAN,AR4,nausea,AR4.N1,Nausea,10028813,,,
DATSCAN,AR5,vertigo,AR5.N1,Vertigo,10047340,,,
DATSCAN,AR6,dry mouth,AR6.N1,Dry mouth,10013781,,,
DATSCAN,AR7,dizziness,AR7.N1,Dizziness,10013573,,,
DATSCAN,AR8,hypersensitivity reactions,AR8.N1,Hypersensitivity,10020751,Hypersensitivity reaction,10020756,
DATSCAN,AR9,rash,AR9.N1,Rash,10037844,,,
DATSCAN,AR10,pruritis,AR10.N1,Pruritus,10037087,,,
DATSCAN,AR11,injection site pain,AR11.N1,Injection site pain,10022086,,,
DATSCAN,AR12,skin erythema,AR12.N1,Erythema,10015150,Skin erythema,10040842,
KALBITOR,AR1,hypersensitivity,AR1.N1,Hypersensitivity,10020751,,,
KALBITOR,AR2,anaphylaxis,AR2.N1,Anaphylactic reaction,10002198,Anaphylaxis,10002218,
KALBITOR,AR3,headache,AR3.N1,Headache,10019211,,,
KALBITOR,AR4,nausea,AR4.N1,Nausea,10028813,,,
KALBITOR,AR5,diarrhea,AR5.N1,Diarrhoea,10012735,Diarrhea,10012727,
KALBITOR,AR6,pyrexia,AR6.N1,Pyrexia,10037660,,,
KALBITOR,AR7,injection site reactions,AR7.N1,Injection site reaction,10022095,,,
KALBITOR,AR8,nasopharyngitis,AR8.N1,Nasopharyngitis,10028810,,,
KALBITOR,AR9,fatigue,AR9.N1,Fatigue,10016256,,,
KALBITOR,AR10,upper respiratory tract infection,AR10.N1,Upper respiratory tract infection,10046306,,,
KALBITOR,AR11,vomiting,AR11.N1,Vomiting,10047700,,,
KALBITOR,AR12,pruritus,AR12.N1,Pruritus,10037087,,,
KALBITOR,AR13,upper abdominal pain,AR13.N1,Abdominal pain upper,10000087,Upper abdominal pain,10046272,
KALBITOR,AR14,injection site pruritus,AR14.N1,Injection site pruritus,10022093,,,
KALBITOR,AR15,injection site erythema,AR15.N1,Injection site erythema,10022061,,,
KALBITOR,AR16,injection site pain,AR16.N1,Injection site pain,10022086,,,
KALBITOR,AR17,injection site irritation,AR17.N1,Injection site irritation,10022079,,,
KALBITOR,AR18,injection site urticaria,AR18.N1,Injection site urticaria,10022107,,,
KALBITOR,AR19,injection site bruising,AR19.N1,Injection site bruising,10022052,,,
KALBITOR,AR20,hypersensitivity reactions,AR20.N1,Hypersensitivity,10020751,Hypersensitivity reaction,10020756,
KALBITOR,AR21,chest discomfort,AR21.N1,Chest discomfort,10008469,,,
KALBITOR,AR22,flushing,AR22.N1,Flushing,10016825,,,
KALBITOR,AR23,pharyngeal edema,AR23.N1,Pharyngeal oedema,10034829,Pharyngeal edema,10054544,
KALBITOR,AR24,rhinorrhea,AR24.N1,Rhinorrhoea,10039101,Rhinorrhea,10039100,
KALBITOR,AR25,sneezing,AR25.N1,Sneezing,10041232,,,
KALBITOR,AR26,nasal congestion,AR26.N1,Nasal congestion,10028735,,,
KALBITOR,AR27,throat irritation,AR27.N1,Throat irritation,10043521,,,
KALBITOR,AR28,urticaria,AR28.N1,Urticaria,10046735,,,
KALBITOR,AR29,wheezing,AR29.N1,Wheezing,10047924,,,
KALBITOR,AR30,hypotension,AR30.N1,Hypotension,10021097,,,
KALBITOR,AR31,rash,AR31.N1,Rash,10037844,,,
APTIOM,AR1,suicidal behavior,AR1.N1,Suicidal behaviour,10065604,Suicidal behavior,10065607,
APTIOM,AR2,suicidal ideation,AR2.N1,Suicidal ideation,10042458,,,
APTIOM,AR3,dermatologic reactions,AR3.N1,Skin reaction,10040914,,,
APTIOM,AR4,drug reaction with eosinophilia and systemic symptoms,AR4.N1,Drug reaction with eosinophilia and systemic symptoms,10073508,,,
APTIOM,AR5,dress,AR5.N1,Drug reaction with eosinophilia and systemic symptoms,10073508,DRESS syndrome,10058899,
APTIOM,AR6,multiorgan hypersensitivity,AR6.N1,Drug reaction with eosinophilia and systemic symptoms,10073508,,,
APTIOM,AR7,anaphylactic reactions,AR7.N1,Anaphylactic reaction,10002198,,,
APTIOM,AR8,angioedema,AR8.N1,Angioedema,10002424,,,
APTIOM,AR9,hyponatremia,AR9.N1,Hyponatraemia,10021036,Hyponatremia,10021038,
APTIOM,AR10,neurological adverse reactions,AR10.N1,Neurological symptom,10060860,Neurologic reaction,10029290,
APTIOM,AR11,drug induced liver injury,AR11.N1,Drug-induced liver injury,10072268,,,
APTIOM,AR12,abnormal thyroid function tests,AR12.N1,Thyroid function test abnormal,10043730,,,
APTIOM,AR13,dizziness,AR13.N1,Dizziness,10013573,,,
APTIOM,AR14,somnolence,AR14.N1,Somnolence,10041349,,,
APTIOM,AR15,nausea,AR15.N1,Nausea,10028813,,,
APTIOM,AR16,headache,AR16.N1,Headache,10019211,,,
APTIOM,AR17,diplopia,AR17.N1,Diplopia,10013036,,,
APTIOM,AR18,vomiting,AR18.N1,Vomiting,10047700,,,
APTIOM,AR19,fatigue,AR19.N1,Fatigue,10016256,,,
APTIOM,AR20,vertigo,AR20.N1,Vertigo,10047340,,,
APTIOM,AR21,ataxia,AR21.N1,Ataxia,10003591,,,
APTIOM,AR22,blurred vision,AR22.N1,Vision blurred,10047513,Blurred vision,10005886,
APTIOM,AR23,tremor,AR23.N1,Tremor,10044565,,,
APTIOM,AR24,asthenia,AR24.N1,Asthenia,10003549,,,
APTIOM,AR25,rash,AR25.N1,Rash,10037844,,,
APTIOM,AR26,dysarthria,AR26.N1,Dysarthria,10013887,,,
APTIOM,AR27,visual impairment,AR27.N1,Visual impairment,10047571,,,
APTIOM,AR28,diarrhea,AR28.N1,Diarrhoea,10012735,Diarrhea,10012727,
APTIOM,AR29,constipation,AR29.N1,Constipation,10010774,,,
APTIOM,AR30,abdominal pain,AR30.N1,Abdominal pain,10000081,,,
APTIOM,AR31,gastritis,AR31.N1,Gastritis,10017853,,,
APTIOM,AR32,gait disturbance,AR32.N1,Gait disturbance,10017577,,,
APTIOM,AR33,peripheral edema,AR33.N1,Oedema peripheral,10030124,Peripheral edema,10034570,
APTIOM,AR34,urinary tract infections,AR34.N1,Urinary tract infection,10046571,,,
APTIOM,AR35,fall,AR35.N1,Fall,10016173,,,
APTIOM,AR36,balance disorder,AR36.N1,Balance disorder,10049848,,,
APTIOM,AR37,memory impairment,AR37.N1,Memory impairment,10027175,,,
APTIOM,AR38,nystagmus,AR38.N1,Nystagmus,10029864,,,
APTIOM,AR39,depression,AR39.N1,Depression,10012378,,,
APTIOM,AR40,insomnia,AR40.N1,Insomnia,10022437,,,
APTIOM,AR41,cough,AR41.N1,Cough,10011224,,,
APTIOM,AR42,hypertension,AR42.N1,Hypertension,10020772,,,
APTIOM,AR43,suicidal thoughts,AR43.N1,Suicidal ideation,10042458,,,
APTIOM,AR44,suicidal thinking,AR44.N1,Suicidal ideation,10042458,,,
APTIOM,AR45,suicides,AR45.N1,Completed suicide,10010144,Suicide,10042462,
APTIOM,AR46,suicidal behaviors,AR46.N1,Suicidal behaviour,10065604,Suicidal behavior,10065607,
APTIOM,AR47,stevens-johnson syndrome,AR47.N1,Stevens-Johnson syndrome,10042033,,,
APTIOM,AR48,sjs,AR48.N1,Stevens-Johnson syndrome,10042033,,,
APTIOM,AR49,fatal,AR49.N1,Death,10011906,,,
APTIOM,AR50,fever,AR50.N1,Pyrexia,10037660,Fever,10016558,
APTIOM,AR51,lymphadenopathy,AR51.N1,Lymphadenopathy,10025197,,,
APTIOM,AR52,hepatitis,AR52.N1,Hepatitis,10019717,,,
APTIOM,AR53,nephritis,AR53.N1,Nephritis,10029117,,,
APTIOM,AR54,hematological abnormalities,AR54.N1,Haematology test abnormal,10057755,Hematology test abnormal,10057760,
APTIOM,AR55,myocarditis,AR55.N1,Myocarditis,10028606,,,
APTIOM,AR56,myositis,AR56.N1,Myositis,10028653,,,
APTIOM,AR57,eosinophilia,AR57.N1,Eosinophilia,10014950,,,
APTIOM,AR58,hypersensitivity,AR58.N1,Hypersensitivity,10020751,,,
APTIOM,AR59,anaphylaxis,AR59.N1,Anaphylactic reaction,10002198,Anaphylaxis,10002218,
APTIOM,AR60,laryngeal edema,AR60.N1,Laryngeal oedema,10023845,Laryngeal edema,10023838,
APTIOM,AR61,decreases in sodium values,AR61.N1,Blood sodium decreased,10005802,Sodium decreased,10041268,
APTIOM,AR62,seizures,AR62.N1,Seizure,10039906,Seizures,10039910,
APTIOM,AR63,dehydration,AR63.N1,Dehydration,10012174,,,
APTIOM,AR64,gait instability,AR64.N1,Gait disturbance,10017577,Gait instability,10017582,
APTIOM,AR65,injury,AR65.N1,Injury,10022116,,,
APTIOM,AR66,hypochloremia,AR66.N1,Hypochloraemia,10020955,Hypochloremia,10020957,
APTIOM,AR67,disturbance in gait,AR67.N1,Gait disturbance,10017577,,,
APTIOM,AR68,disturbance in coordination,AR68.N1,Coordination abnormal,10010947,Coordination disturbance,10010949,
APTIOM,AR69,abnormal coordination,AR69.N1,Coordination abnormal,10010947,,,
APTIOM,AR70,malaise,AR70.N1,Malaise,10025482,,,
APTIOM,AR71,hypersomnia,AR71.N1,Hypersomnia,10020765,,,
APTIOM,AR72,sedation,AR72.N1,Sedation,10039897,,,
APTIOM,AR73,lethargy,AR73.N1,Lethargy,10024264,,,
APTIOM,AR74,fatigue-related events,AR74.N1,Fatigue,10016256,,,
APTIOM,AR75,cognitive dysfunction,AR75.N1,Cognitive disorder,10057668,Cognitive function abnormal,10048599,
APTIOM,AR76,disturbance in attention,AR76.N1,Disturbance in attention,10013496,,,
APTIOM,AR77,amnesia,AR77.N1,Amnesia,10001949,,,
APTIOM,AR78,confusional state,AR78.N1,Confusional state,10010305,,,
APTIOM,AR79,aphasia,AR79.N1,Aphasia,10002948,,,
APTIOM,AR80,speech disorder,AR80.N1,Speech disorder,10041466,,,
APTIOM,AR81,slowness of thought,AR81.N1,Bradyphrenia,10050012,Slowed thinking,10041049,
APTIOM,AR82,disorientation,AR82.N1,Disorientation,10013395,,,
APTIOM,AR83,psychomotor retardation,AR83.N1,Psychomotor retardation,10037213,,,
APTIOM,AR84,visual changes,AR84.N1,Visual impairment,10047571,Abnormal vision,10000186,
APTIOM,AR85,impaired vision,AR85.N1,Visual impairment,10047571,,,
APTIOM,AR86,eye events,AR86.N1,Eye symptom,10075536,,,
APTIOM,AR87,elevations in transaminases,AR87.N1,Transaminases increased,10054889,,,
APTIOM,AR88,elevations of total bilirubin,AR88.N1,Blood bilirubin increased,10005364,Bilirubin total increased,10056806,
APTIOM,AR89,transaminase elevations,AR89.N1,Transaminases increased,10054889,,,
APTIOM,AR90,elevated bilirubin,AR90.N1,Blood bilirubin increased,10005364,Bilirubin elevated,10004688,
APTIOM,AR91,liver injury,AR91.N1,Liver injury,10067125,,,
APTIOM,AR92,decreases in serum t3 free,AR92.N1,Tri-iodothyronine free decreased,10053791,,,
APTIOM,AR93,decreases in serum t4 free,AR93.N1,Thyroxine free decreased,10055162,,,
APTIOM,AR94,decreases in serum t4 total,AR94.N1,Thyroxine decreased,10043816,T4 decreased,10043062,
APTIOM,AR95,decreases in serum t3 total,AR95.N1,Tri-iodothyronine decreased,10044594,,,
DUAVEE,AR1,cardiovascular disorders,AR1.N1,Cardiovascular disorder,10007649,,,
DUAVEE,AR2,malignant neoplasms,AR2.N1,Neoplasm malignant,10028997,,,
DUAVEE,AR3,gallbladder disease,AR3.N1,Gallbladder disorder,10017626,Gallbladder disease,10017641,
DUAVEE,AR4,hypertriglyceridemia,AR4.N1,Hypertriglyceridaemia,10020869,Hypertriglyceridemia,10020870,
DUAVEE,AR5,muscle spasms,AR5.N1,Muscle spasms,10028334,,,
DUAVEE,AR6,nausea,AR6.N1,Nausea,10028813,,,
DUAVEE,AR7,diarrhea,AR7.N1,Diarrhoea,10012735,Diarrhea,10012727,
DUAVEE,AR8,dyspepsia,AR8.N1,Dyspepsia,10013946,,,
DUAVEE,AR9,abdominal pain upper,AR9.N1,Abdominal pain upper,10000087,,,
DUAVEE,AR10,oropharyngeal pain,AR10.N1,Oropharyngeal pain,10068319,,,
DUAVEE,AR11,dizziness,AR11.N1,Dizziness,10013573,,,
DUAVEE,AR12,neck pain,AR12.N1,Neck pain,10028836,,,
DUAVEE,AR13,hot flush,AR13.N1,Hot flush,10060800,,,
DUAVEE,AR14,venous thromboembolism,AR14.N1,Embolism venous,10014522,Venous thromboembolism,10066899,
DUAVEE,AR15,deep venous thrombosis,AR15.N1,Deep vein thrombosis,10051055,Thrombosis venous deep,10043642,
DUAVEE,AR16,pulmonary embolism,AR16.N1,Pulmonary embolism,10037377,,,
DUAVEE,AR17,retinal vein thrombosis,AR17.N1,Retinal vein thrombosis,10038908,,,
DUAVEE,AR18,endometrial cancer,AR18.N1,Endometrial cancer,10014733,,,
DUAVEE,AR19,dementia,AR19.N1,Dementia,10012267,,,
DUAVEE,AR20,stroke,AR20.N1,Cerebrovascular accident,10008190,Stroke,10042244,
DUAVEE,AR21,retinal vascular thrombosis,AR21.N1,Retinal vascular thrombosis,10062108,,,
DUAVEE,AR22,breast cancer,AR22.N1,Breast cancer,10006187,,,
DUAVEE,AR23,ovarian cancer,AR23.N1,Ovarian cancer,10033128,,,
DUAVEE,AR24,vte,AR24.N1,Embolism venous,10014522,Venous thromboembolism,10066899,
DUAVEE,AR25,increases in blood pressure,AR25.N1,Blood pressure increased,10005750,,,
DUAVEE,AR26,elevations of plasma triglycerides,AR26.N1,Blood triglycerides increased,10005839,Plasma triglycerides increased,10035456,
DUAVEE,AR27,pancreatitis,AR27.N1,Pancreatitis,10033645,,,
DUAVEE,AR28,increased thyroid-binding globulin levels,AR28.N1,Thyroxin binding globulin increased,10051420,,,
DUAVEE,AR29,increased tbg levels,AR29.N1,Thyroxin binding globulin increased,10051420,,,
DUAVEE,AR30,increased tbg,AR30.N1,Thyroxin binding globulin increased,10051420,,,
DUAVEE,AR31,fluid retention,AR31.N1,Fluid retention,10016807,,,
DUAVEE,AR32,exacerbate angioedema,AR32.N1,Angioedema,10002424,Angioedema aggravated,10048331,
DUAVEE,AR33,accelerated prothrombin time,AR33.N1,Prothrombin time shortened,10037070,,,
DUAVEE,AR34,accelerated partial thromboplastin time,AR34.N1,Activated partial thromboplastin time shortened,10000637,Partial thromboplastin time shortened,10075335,
DUAVEE,AR35,accelerated platelet aggregation time,AR35.N1,Platelet aggregation increased,10035518,,,
DUAVEE,AR36,increased platelet count,AR36.N1,Platelet count increased,10051608,,,
DUAVEE,AR37,increased factors ii,AR37.N1,Prothrombin level increased,10037051,Coagulation factor II level increased,10009741,
DUAVEE,AR38,increased factors vii antigen,AR38.N1,,,,,unmapped
DUAVEE,AR39,increased factors viii antigen,AR39.N1,,,,,unmapped
DUAVEE,AR40,increased factors viii coagulant activity,AR40.N1,Coagulation factor VIII level increased,10009770,,,
DUAVEE,AR41,increased factors ix,AR41.N1,Coagulation factor IX level increased,10009748,,,
DUAVEE,AR42,increased factors x,AR42.N1,Coagulation factor X level increased,10009776,,,
DUAVEE,AR43,increased factors xii,AR43.N1,Coagulation factor XII level increased,10009784,,,
DUAVEE,AR44,increased factors vii-x complex,AR44.N1,,,,,unmapped
DUAVEE,AR45,increased factors ii-vii-x complex,AR45.N1,,,,,unmapped
DUAVEE,AR46,increased beta-thromboglobulin,AR46.N1,,,,,unmapped
DUAVEE,AR47,decreased levels of antifactor xa,AR47.N1,,,,,unmapped
DUAVEE,AR48,decreased levels of antithrombin iii,AR48.N1,Antithrombin III decreased,10049547,,,
DUAVEE,AR49,decreased antithrombin iii activity,AR49.N1,Antithrombin III decreased,10049547,,,
DUAVEE,AR50,increased levels of fibrinogen,AR50.N1,Blood fibrinogen increased,10005521,Fibrinogen increased,10016597,
DUAVEE,AR51,increased levels of fibrinogen activity,AR51.N1,Blood fibrinogen increased,10005521,Fibrinogen increased,10016597,
DUAVEE,AR52,increased plasminogen antigen,AR52.N1,Plasminogen activator inhibitor increased,10059618,,,
DUAVEE,AR53,increased plasminogen activity,AR53.N1,Plasminogen increased,10035495,,,
DUAVEE,AR54,increased thyroid-binding globulin,AR54.N1,Thyroxin binding globulin increased,10051420,,,
DUAVEE,AR55,increased circulating total thyroid hormone,AR55.N1,Thyroid hormones increased,10063161,,,
DUAVEE,AR56,increased t4 levels,AR56.N1,Thyroxine increased,10043818,T4 increased,10043063,
DUAVEE,AR57,increased t3 levels,AR57.N1,Tri-iodothyronine increased,10044596,T3 increased,10043053,
DUAVEE,AR58,t3 resin uptake decreased,AR58.N1,Tri-iodothyronine uptake decreased,10044601,T3 uptake decreased,10043057,
DUAVEE,AR59,elevated tbg,AR59.N1,Thyroxin binding globulin increased,10051420,,,
DUAVEE,AR60,elevated corticosteroid binding globulin,AR60.N1,Corticosteroid binding globulin increased,10072935,,,
DUAVEE,AR61,elevated cbg,AR61.N1,Corticosteroid binding globulin increased,10072935,,,
DUAVEE,AR62,elevated sex hormone-binding globulin,AR62.N1,Sex hormone binding globulin increased,10059659,,,
DUAVEE,AR63,elevated shbg,AR63.N1,Sex hormone binding globulin increased,10059659,,,
DUAVEE,AR64,increased total circulating corticosteroids,AR64.N1,Hypercorticoidism,10020610,,,
DUAVEE,AR65,increased total circulating sex steroids,AR65.N1,Blood oestrogen increased,10005688,Estrogen increased,10015518,
DUAVEE,AR65,increased total circulating sex steroids,AR65.N2,Blood testosterone increased,10005815,Testosterone increased,10043370,
DUAVEE,AR66,free hormone concentrations decreased,AR66.N1,,,,,unmapped
DUAVEE,AR67,testosterone decreased,AR67.N1,Blood testosterone decreased,10005814,Testosterone decreased,10043368,
DUAVEE,AR68,estradiol decreased,AR68.N1,Oestradiol decreased,10030229,Estradiol decreased,10054509,
DUAVEE,AR69,plasma proteins increased,AR69.N1,Protein total increased,10037016,,,
DUAVEE,AR70,increased angiotensinogen,AR70.N1,,,,,unmapped
DUAVEE,AR71,increased renin substrate,AR71.N1,,,,,unmapped
DUAVEE,AR72,increased alpha-1-antitrypsin,AR72.N1,Alpha-1 anti-trypsin increased,10001808,,,
DUAVEE,AR73,increased ceruloplasmin,AR73.N1,Ceruloplasmin increased,10008219,,,
DUAVEE,AR74,increased plasma high-density lipoprotein,AR74.N1,High density lipoprotein increased,10020061,,,
DUAVEE,AR75,increased hdl,AR75.N1,High density lipoprotein increased,10020061,Increased HDL,10021662,
DUAVEE,AR76,increased hdl2 cholesterol subfraction concentrations,AR76.N1,High density lipoprotein increased,10020061,HDL cholesterol increased,10070544,underspecified
DUAVEE,AR77,reduced low-density lipoprotein cholesterol concentrations,AR77.N1,Low density lipoprotein decreased,10024909,,,
DUAVEE,AR78,reduced ldl cholesterol concentrations,AR78.N1,Low density lipoprotein decreased,10024909,Decreased LDL,10011972,
DUAVEE,AR79,increased triglyceride levels,AR79.N1,Blood triglycerides increased,10005839,Triglycerides high,10052373,
DUAVEE,AR80,impaired glucose tolerance,AR80.N1,Glucose tolerance impaired,10018429,,,
KALYDECO,AR1,transaminase elevations,AR1.N1,Transaminases increased,10054889,,,
KALYDECO,AR2,headache,AR2.N1,Headache,10019211,,,
KALYDECO,AR3,oropharyngeal pain,AR3.N1,Oropharyngeal pain,10068319,,,
KALYDECO,AR4,upper respiratory tract infection,AR4.N1,Upper respiratory tract infection,10046306,,,
KALYDECO,AR5,nasal congestion,AR5.N1,Nasal congestion,10028735,,,
KALYDECO,AR6,abdominal pain,AR6.N1,Abdominal pain,10000081,,,
KALYDECO,AR7,nasopharyngitis,AR7.N1,Nasopharyngitis,10028810,,,
KALYDECO,AR8,diarrhea,AR8.N1,Diarrhoea,10012735,Diarrhea,10012727,
KALYDECO,AR9,rash,AR9.N1,Rash,10037844,,,
KALYDECO,AR10,nausea,AR10.N1,Nausea,10028813,,,
KALYDECO,AR11,dizziness,AR11.N1,Dizziness,10013573,,,
KALYDECO,AR12,increased hepatic enzymes,AR12.N1,Hepatic enzyme increased,10060795,,,
KALYDECO,AR13,hypoglycemia,AR13.N1,Hypoglycaemia,10020993,Hypoglycemia,10021005,
KALYDECO,AR14,rhinitis,AR14.N1,Rhinitis,10039083,,,
KALYDECO,AR15,arthralgia,AR15.N1,Arthralgia,10003239,,,
KALYDECO,AR16,bacteria in sputum,AR16.N1,Bacterial test positive,10059421,Bacteria sputum identified,10061673,
KALYDECO,AR17,aspartate aminotransferase increased,AR17.N1,Aspartate aminotransferase increased,10003481,,,
KALYDECO,AR18,blood glucose increased,AR18.N1,Blood glucose increased,10005557,,,
KALYDECO,AR19,hepatic enzyme increased,AR19.N1,Hepatic enzyme increased,10060795,,,
KALYDECO,AR20,musculoskeletal chest pain,AR20.N1,Musculoskeletal chest pain,10050819,,,
KALYDECO,AR21,myalgia,AR21.N1,Myalgia,10028411,,,
KALYDECO,AR22,sinus headache,AR22.N1,Sinus headache,10040744,,,
KALYDECO,AR23,pharyngeal erythema,AR23.N1,Pharyngeal erythema,10057009,,,
KALYDECO,AR24,pleuritic pain,AR24.N1,Pleuritic pain,10035623,,,
KALYDECO,AR25,sinus congestion,AR25.N1,Sinus congestion,10040742,,,
KALYDECO,AR26,wheezing,AR26.N1,Wheezing,10047924,,,
KALYDECO,AR27,acne,AR27.N1,Acne,10000496,,,
KALYDECO,AR28,transaminase >8 * uln,AR28.N1,Transaminases increased,10054889,,,
KALYDECO,AR29,transaminase >5 * uln,AR29.N1,Transaminases increased,10054889,,,
KALYDECO,AR30,transaminase >3 * uln,AR30.N1,Transaminases increased,10054889,,,
KALYDECO,AR31,alt >8 * uln,AR31.N1,Alanine aminotransferase increased,10001551,ALT increased,10001845,
KALYDECO,AR32,alt >5 * uln,AR32.N1,Alanine aminotransferase increased,10001551,ALT increased,10001845,
KALYDECO,AR33,alt >3 * uln,AR33.N1,Alanine aminotransferase increased,10001551,ALT increased,10001845,
KALYDECO,AR34,ast >8 * uln,AR34.N1,Aspartate aminotransferase increased,10003481,AST increased,10003544,
KALYDECO,AR35,ast >5 * uln,AR35.N1,Aspartate aminotransferase increased,10003481,AST increased,10003544,
KALYDECO,AR36,ast >3 * uln,AR36.N1,Aspartate aminotransferase increased,10003481,AST increased,10003544,
KALYDECO,AR37,elevated transaminases,AR37.N1,Transaminases increased,10054889,,,
KALYDECO,AR38,elevated liver transaminases,AR38.N1,Transaminases increased,10054889,,,
KALYDECO,AR39,alt levels >8 * uln,AR39.N1,Alanine aminotransferase increased,10001551,ALT increased,10001845,
KALYDECO,AR40,ast levels >8 * uln,AR40.N1,Aspartate aminotransferase increased,10003481,AST increased,10003544,
KALYDECO,AR41,elevated alt,AR41.N1,Alanine aminotransferase increased,10001551,ALT increased,10001845,
KALYDECO,AR42,elevated ast,AR42.N1,Aspartate aminotransferase increased,10003481,AST increased,10003544,
KALYDECO,AR43,cataracts,AR43.N1,Cataract,10007739,Cataracts,10007771,
KALYDECO,AR44,non-congenital lens opacities,AR44.N1,Lenticular opacities,10024214,,,
KALYDECO,AR45,non-congenital cataracts,AR45.N1,Cataract,10007739,,,
AMYVID,AR1,headache,AR1.N1,Headache,10019211,,,
AMYVID,AR2,musculoskeletal pain,AR2.N1,Musculoskeletal pain,10028391,,,
AMYVID,AR3,blood pressure increased,AR3.N1,Blood pressure increased,10005750,,,
AMYVID,AR4,fatigue,AR4.N1,Fatigue,10016256,,,
AMYVID,AR5,nausea,AR5.N1,Nausea,10028813,,,
AMYVID,AR6,injection site reaction,AR6.N1,Injection site reaction,10022095,,,
AMYVID,AR7,hypertension,AR7.N1,Hypertension,10020772,,,
AMYVID,AR8,injection site haemorrhage,AR8.N1,Injection site haemorrhage,10022067,,,
AMYVID,AR9,injection site irritation,AR9.N1,Injection site irritation,10022079,,,
AMYVID,AR10,injection site pain,AR10.N1,Injection site pain,10022086,,,
AMYVID,AR11,feeling cold,AR11.N1,Feeling cold,10016326,,,
AMYVID,AR12,chills,AR12.N1,Chills,10008531,,,
AMYVID,AR13,anxiety,AR13.N1,Anxiety,10002855,,,
AMYVID,AR14,back pain,AR14.N1,Back pain,10003988,,,
AMYVID,AR15,claustrophobia,AR15.N1,Claustrophobia,10009244,,,
AMYVID,AR16,dizziness,AR16.N1,Dizziness,10013573,,,
AMYVID,AR17,insomnia,AR17.N1,Insomnia,10022437,,,
AMYVID,AR18,neck pain,AR18.N1,Neck pain,10028836,,,
AMYVID,AR19,infusion site rash,AR19.N1,Infusion site rash,10059830,,,
AMYVID,AR20,dysgeusia,AR20.N1,Dysgeusia,10013911,,,
AMYVID,AR21,pruritis,AR21.N1,Pruritus,10037087,,,
AMYVID,AR22,urticaria,AR22.N1,Urticaria,10046735,,,
AMYVID,AR23,flushing,AR23.N1,Flushing,10016825,,,
AMYVID,AR24,radiation risk,AR24.N1,Exposure to radiation,10073306,,,
AMYVID,AR25,long-term cumulative radiation exposure,AR25.N1,Exposure to radiation,10073306,,,underspecified
AMYVID,AR26,cancer,AR26.N1,Neoplasm malignant,10028997,Cancer,10007050,
TIVICAY,AR1,hypersensitivity,AR1.N1,Hypersensitivity,10020751,,,
TIVICAY,AR2,fat redistribution,AR2.N1,Fat redistribution,10048474,,,
TIVICAY,AR3,immune reconstitution syndrome,AR3.N1,Immune reconstitution inflammatory syndrome,10065042,Immune reconstitution syndrome,10054014,
TIVICAY,AR4,insomnia,AR4.N1,Insomnia,10022437,,,
TIVICAY,AR5,fatigue,AR5.N1,Fatigue,10016256,,,
TIVICAY,AR6,headache,AR6.N1,Headache,10019211,,,
TIVICAY,AR7,depression,AR7.N1,Depression,10012378,,,
TIVICAY,AR8,abnormal dreams,AR8.N1,Abnormal dreams,10000125,,,
TIVICAY,AR9,dizziness,AR9.N1,Dizziness,10013573,,,
TIVICAY,AR10,nausea,AR10.N1,Nausea,10028813,,,
TIVICAY,AR11,diarrhea,AR11.N1,Diarrhoea,10012735,Diarrhea,10012727,
TIVICAY,AR12,rash,AR12.N1,Rash,10037844,,,
TIVICAY,AR13,vertigo,AR13.N1,Vertigo,10047340,,,
TIVICAY,AR14,rash generalized,AR14.N1,Rash generalised,10037858,Generalized rash,10049201,
TIVICAY,AR15,rash macular,AR15.N1,Rash macular,10037867,,,
TIVICAY,AR16,rash maculo-papular,AR16.N1,Rash maculo-papular,10037868,,,
TIVICAY,AR17,rash pruritic,AR17.N1,Rash pruritic,10037884,,,
TIVICAY,AR18,drug eruption,AR18.N1,Drug eruption,10013687,,,
TIVICAY,AR19,abdominal pain,AR19.N1,Abdominal pain,10000081,,,
TIVICAY,AR20,abdominal discomfort,AR20.N1,Abdominal discomfort,10000059,,,
TIVICAY,AR21,flatulence,AR21.N1,Flatulence,10016766,,,
TIVICAY,AR22,upper abdominal pain,AR22.N1,Abdominal pain upper,10000087,Upper abdominal pain,10046272,
TIVICAY,AR23,vomiting,AR23.N1,Vomiting,10047700,,,
TIVICAY,AR24,hepatitis,AR24.N1,Hepatitis,10019717,,,
TIVICAY,AR25,myositis,AR25.N1,Myositis,10028653,,,
TIVICAY,AR26,suicidal ideation,AR26.N1,Suicidal ideation,10042458,,,
TIVICAY,AR27,suicidal attempt,AR27.N1,Suicide attempt,10042464,,,
TIVICAY,AR28,suicidal behavior,AR28.N1,Suicidal behaviour,10065604,Suicidal behavior,10065607,
TIVICAY,AR29,suicidal completion,AR29.N1,Completed suicide,10010144,,,
TIVICAY,AR30,renal impairment,AR30.N1,Renal impairment,10062237,,,
TIVICAY,AR31,pruritus,AR31.N1,Pruritus,10037087,,,
TIVICAY,AR32,hyperglycemia,AR32.N1,Hyperglycaemia,10020635,Hyperglycemia,10020639,
TIVICAY,AR33,elevated alt,AR33.N1,Alanine aminotransferase increased,10001551,ALT increased,10001845,
TIVICAY,AR34,elevated cholesterol,AR34.N1,Blood cholesterol increased,10005425,Cholesterol levels raised,10008663,
TIVICAY,AR35,elevated creatine kinase,AR35.N1,Blood creatine phosphokinase increased,10005470,Creatine kinase increased,10011336,
TIVICAY,AR36,elevated lipase,AR36.N1,Lipase increased,10024574,,,
TIVICAY,AR37,neutropenia,AR37.N1,Neutropenia,10029354,,,
TIVICAY,AR38,ast abnormalities,AR38.N1,Aspartate aminotransferase abnormal,10003477,,,
TIVICAY,AR39,alt abnormalities,AR39.N1,Alanine aminotransferase abnormal,10001547,,,
TIVICAY,AR40,liver chemistry elevations,AR40.N1,Hepatic enzyme increased,10060795,Elevated liver enzymes,10014481,
TIVICAY,AR41,increase serum creatinine,AR41.N1,Blood creatinine increased,10005483,Serum creatinine increased,10040233,
TIVICAY,AR42,increases in serum creatinine,AR42.N1,Blood creatinine increased,10005483,Serum creatinine increased,10040233,
TIVICAY,AR43,creatinine increases,AR43.N1,Blood creatinine increased,10005483,Creatinine increased,10011368,
TIVICAY,AR44,elevated total bilirubin,AR44.N1,Blood bilirubin increased,10005364,Bilirubin total increased,10056806,
TIVICAY,AR45,elevated total lipase,AR45.N1,Lipase increased,10024574,,,
TIVICAY,AR46,hypersensitivity reactions,AR46.N1,Hypersensitivity,10020751,Hypersensitivity reaction,10020756,
TIVICAY,AR47,organ dysfunction,AR47.N1,Organ failure,10053159,,,
TIVICAY,AR48,liver injury,AR48.N1,Liver injury,10067125,,,
TIVICAY,AR49,transaminase elevations,AR49.N1,Transaminases increased,10054889,,,
TIVICAY,AR50,elevations in transaminases,AR50.N1,Transaminases increased,10054889,,,
TIVICAY,AR51,hepatitis b reactivation,AR51.N1,Hepatitis B,10019731,Hepatitis B reactivation,10058827,
TIVICAY,AR52,inflammatory response,AR52.N1,Inflammation,10061218,Inflammatory reaction,10021995,
TIVICAY,AR53,residual opportunistic infections,AR53.N1,Opportunistic infection,10030901,,,
TIVICAY,AR54,mycobacterium avium infection,AR54.N1,Mycobacterium avium complex infection,10058806,Infection mycobacterium avium,10021840,
TIVICAY,AR55,cytomegalovirus,AR55.N1,Cytomegalovirus infection,10011831,,,
TIVICAY,AR56,pneumocystis jirovecii pneumonia,AR56.N1,Pneumocystis jirovecii pneumonia,10073755,,,
TIVICAY,AR57,pcp,AR57.N1,Pneumocystis jirovecii pneumonia,10073755,,,
TIVICAY,AR58,tuberculosis,AR58.N1,Tuberculosis,10044755,,,
TIVICAY,AR59,autoimmune disorders,AR59.N1,Autoimmune disorder,10061664,,,
TIVICAY,AR60,graves' disease,AR60.N1,Basedow's disease,10004161,Graves' disease,10018706,
TIVICAY,AR61,polymyositis,AR61.N1,Polymyositis,10036102,,,
TIVICAY,AR62,guillain-barre syndrome,AR62.N1,Guillain-Barre syndrome,10018767,,,
ULESFIA,AR1,ocular irritation,AR1.N1,Eye irritation,10015946,,,
ULESFIA,AR2,application site irritation,AR2.N1,Application site irritation,10003046,,,
ULESFIA,AR3,application site anesthesia,AR3.N1,Application site anaesthesia,10003033,Application site anesthesia,10003034,
ULESFIA,AR4,application site hypoesthesia,AR4.N1,Application site hypoaesthesia,10074585,Application site hypoesthesia,10074589,
ULESFIA,AR5,pain,AR5.N1,Pain,10033371,,,
ULESFIA,AR6,pruritus,AR6.N1,Pruritus,10037087,,,
ULESFIA,AR7,erythema,AR7.N1,Erythema,10015150,,,
ULESFIA,AR8,pyoderma,AR8.N1,Pyoderma,10037632,,,
ULESFIA,AR9,application site dryness,AR9.N1,Application site dryness,10048943,,,
ULESFIA,AR10,application site excoriation,AR10.N1,Application site erosion,10065577,Application site excoriation,10059006,
ULESFIA,AR11,paraesthesia,AR11.N1,Paraesthesia,10033775,,,
ULESFIA,AR12,application site dermatitis,AR12.N1,Application site dermatitis,10003036,,,
ULESFIA,AR13,excoriation,AR13.N1,Excoriation,10049796,,,
ULESFIA,AR14,thermal burn,AR14.N1,Thermal burn,10053615,,,
ULESFIA,AR15,dandruff,AR15.N1,Dandruff,10011859,,,
ULESFIA,AR16,rash,AR16.N1,Rash,10037844,,,
ULESFIA,AR17,skin exfoliation,AR17.N1,Skin exfoliation,10040844,,,
ULESFIA,AR18,neonatal toxicity,AR18.N1,,,,,unmapped
ULESFIA,AR19,gasping syndrome,AR19.N1,Gasping syndrome,10069162,,,
ULESFIA,AR20,eye irritation,AR20.N1,Eye irritation,10015946,,,
ULESFIA,AR21,contact dermatitis,AR21.N1,Dermatitis contact,10012442,Contact dermatitis,10010790,
ULESFIA,AR22,neonatal gasping syndrome,AR22.N1,Gasping syndrome,10069162,,,
ULESFIA,AR23,metabolic acidosis,AR23.N1,Metabolic acidosis,10027417,,,
ULESFIA,AR24,gasping respirations,AR24.N1,Dyspnoea,10013968,Gasping,10017745,
ULESFIA,AR25,progressive hypotension,AR25.N1,Hypotension,10021097,Hypotension aggravated,10048348,
ULESFIA,AR26,seizures,AR26.N1,Seizure,10039906,Seizures,10039910,
ULESFIA,AR27,central nervous system depression,AR27.N1,Depressed level of consciousness,10012373,Depression central nervous system,10012383,
ULESFIA,AR28,intraventricular hemorrhage,AR28.N1,Intraventricular haemorrhage,10022840,Intraventricular hemorrhage,10055299,
ULESFIA,AR29,death,AR29.N1,Death,10011906,,,
ULESFIA,AR30,allergic dermatitis,AR30.N1,Dermatitis allergic,10012434,Allergic dermatitis,10001711,
ULESFIA,AR31,irritant dermatitis,AR31.N1,Dermatitis contact,10012442,Dermatitis irritant contact,10056540,
JUBLIA,AR1,ingrown toenails,AR1.N1,Ingrowing nail,10022013,Ingrown toe nail,10022015,
JUBLIA,AR2,application site dermatitis,AR2.N1,Application site dermatitis,10003036,,,
JUBLIA,AR3,application site vesicles,AR3.N1,Application site vesicles,10048941,,,
JUBLIA,AR4,application site pain,AR4.N1,Application site pain,10003051,,,
JUBLIA,AR5,ingrown toenail,AR5.N1,Ingrowing nail,10022013,Ingrown toe nail,10022015,
TRULICITY,AR1,thyroid c-cell tumors,AR1.N1,Thyroid neoplasm,10043744,Thyroid tumor,10066914,
TRULICITY,AR1,thyroid c-cell tumors,AR1.N2,Thyroid C-cell hyperplasia,10070568,,,
TRULICITY,AR2,pancreatitis,AR2.N1,Pancreatitis,10033645,,,
TRULICITY,AR3,hypoglycemia,AR3.N1,Hypoglycaemia,10020993,Hypoglycemia,10021005,
TRULICITY,AR4,hypersensitivity,AR4.N1,Hypersensitivity,10020751,,,
TRULICITY,AR5,renal impairment,AR5.N1,Renal impairment,10062237,,,
TRULICITY,AR6,gastrointestinal disease,AR6.N1,Gastrointestinal disorder,10017944,,,
TRULICITY,AR7,nausea,AR7.N1,Nausea,10028813,,,
TRULICITY,AR8,diarrhea,AR8.N1,Diarrhoea,10012735,Diarrhea,10012727,
TRULICITY,AR9,vomiting,AR9.N1,Vomiting,10047700,,,
TRULICITY,AR10,abdominal pain,AR10.N1,Abdominal pain,10000081,,,
TRULICITY,AR11,decreased appetite,AR11.N1,Decreased appetite,10061428,,,
TRULICITY,AR12,fecal volume increased,AR12.N1,Faecal volume increased,10049939,Fecal volume increased,10055509,
TRULICITY,AR13,frequent bowel movements,AR13.N1,Frequent bowel movements,10017367,,,
TRULICITY,AR14,retching,AR14.N1,Retching,10038776,,,
TRULICITY,AR15,vomiting projectile,AR15.N1,Vomiting projectile,10047708,,,
TRULICITY,AR16,abdominal discomfort,AR16.N1,Abdominal discomfort,10000059,,,
TRULICITY,AR17,abdominal pain lower,AR17.N1,Abdominal pain lower,10000084,,,
TRULICITY,AR18,abdominal pain upper,AR18.N1,Abdominal pain upper,10000087,,,
TRULICITY,AR19,abdominal tenderness,AR19.N1,Abdominal tenderness,10000097,,,
TRULICITY,AR20,gastrointestinal pain,AR20.N1,Gastrointestinal pain,10017999,,,
TRULICITY,AR21,fatigue,AR21.N1,Fatigue,10016256,,,
TRULICITY,AR22,asthenia,AR22.N1,Asthenia,10003549,,,
TRULICITY,AR23,malaise,AR23.N1,Malaise,10025482,,,
TRULICITY,AR24,dyspepsia,AR24.N1,Dyspepsia,10013946,,,
TRULICITY,AR25,gastrointestinal adverse reactions,AR25.N1,Gastrointestinal disorder,10017944,Gastrointestinal symptom NOS,10018011,
TRULICITY,AR26,constipation,AR26.N1,Constipation,10010774,,,
TRULICITY,AR27,flatulence,AR27.N1,Flatulence,10016766,,,
TRULICITY,AR28,abdominal distension,AR28.N1,Abdominal distension,10000060,,,
TRULICITY,AR29,gastroesophageal reflux disease,AR29.N1,Gastrooesophageal reflux disease,10017885,Gastroesophageal reflux disease,10066874,
TRULICITY,AR30,eructation,AR30.N1,Eructation,10015137,,,
TRULICITY,AR31,symptomatic hypoglycemia,AR31.N1,Hypoglycaemia,10020993,Hypoglycemia,10021005,
TRULICITY,AR32,increase in heart rate,AR32.N1,Heart rate increased,10019303,,,
TRULICITY,AR33,increase in hr,AR33.N1,Heart rate increased,10019303,,,
TRULICITY,AR34,sinus tachycardia,AR34.N1,Sinus tachycardia,10040752,,,
TRULICITY,AR35,persistence of sinus tachycardia,AR35.N1,Sinus tachycardia,10040752,,,
TRULICITY,AR36,systemic hypersensitivity,AR36.N1,Hypersensitivity,10020751,Systemic allergic reaction,10066472,
TRULICITY,AR37,urticaria,AR37.N1,Urticaria,10046735,,,
TRULICITY,AR38,systemic rash,AR38.N1,Rash,10037844,,,
TRULICITY,AR39,facial edema,AR39.N1,Face oedema,10016029,Face edema,10016025,
TRULICITY,AR40,lip swelling,AR40.N1,Lip swelling,10024570,,,
TRULICITY,AR41,injection-site reactions,AR41.N1,Injection site reaction,10022095,,,
TRULICITY,AR42,injection-site erythema,AR42.N1,Injection site erythema,10022061,,,
TRULICITY,AR43,injection-site rash,AR43.N1,Injection site rash,10022094,,,
TRULICITY,AR44,increase pr interval,AR44.N1,Electrocardiogram PR prolongation,10053657,Electrocardiogram PR interval prolonged,10053655,
TRULICITY,AR45,first degree av block,AR45.N1,Atrioventricular block first degree,10003674,AV block first degree,10003850,
TRULICITY,AR46,pr interval increase,AR46.N1,Electrocardiogram PR prolongation,10053657,Electrocardiogram PR interval prolonged,10053655,
TRULICITY,AR47,increases in lipase,AR47.N1,Lipase increased,10024574,,,
TRULICITY,AR48,increases in pancreatic amylase,AR48.N1,Amylase increased,10002016,Blood pancreatic amylase increased,10053880,
TRULICITY,AR49,mtc,AR49.N1,Medullary thyroid cancer,10027105,Medullary carcinoma of thyroid,10027101,
TRULICITY,AR50,dehydration,AR50.N1,Dehydration,10012174,,,
TEFLARO,AR1,hypersensitivity reactions,AR1.N1,Hypersensitivity,10020751,Hypersensitivity reaction,10020756,
TEFLARO,AR2,clostridium difficile -associated diarrhea,AR2.N1,Clostridium difficile colitis,10009657,"Diarrhea, Clostridium difficile",10012734,
TEFLARO,AR3,direct coombs' test seroconversion,AR3.N1,Coombs direct test positive,10010933,,,
TEFLARO,AR4,diarrhea,AR4.N1,Diarrhoea,10012735,Diarrhea,10012727,
TEFLARO,AR5,nausea,AR5.N1,Nausea,10028813,,,
TEFLARO,AR6,rash,AR6.N1,Rash,10037844,,,
TEFLARO,AR7,hypersensitivity,AR7.N1,Hypersensitivity,10020751,,,
TEFLARO,AR8,constipation,AR8.N1,Constipation,10010774,,,
TEFLARO,AR9,vomiting,AR9.N1,Vomiting,10047700,,,
TEFLARO,AR10,increased transaminases,AR10.N1,Transaminases increased,10054889,,,
TEFLARO,AR11,hypokalemia,AR11.N1,Hypokalaemia,10021015,Hypokalemia,10021018,
TEFLARO,AR12,phlebitis,AR12.N1,Phlebitis,10034879,,,
TEFLARO,AR13,anemia,AR13.N1,Anaemia,10002034,Anemia,10002272,
TEFLARO,AR14,eosinophilia,AR14.N1,Eosinophilia,10014950,,,
TEFLARO,AR15,neutropenia,AR15.N1,Neutropenia,10029354,,,
TEFLARO,AR16,thrombocytopenia,AR16.N1,Thrombocytopenia,10043554,,,
TEFLARO,AR17,bradycardia,AR17.N1,Bradycardia,10006093,,,
TEFLARO,AR18,palpitations,AR18.N1,Palpitations,10033557,,,
TEFLARO,AR19,abdominal pain,AR19.N1,Abdominal pain,10000081,,,
TEFLARO,AR20,pyrexia,AR20.N1,Pyrexia,10037660,,,
TEFLARO,AR21,hepatitis,AR21.N1,Hepatitis,10019717,,,
TEFLARO,AR22,anaphylaxis,AR22.N1,Anaphylactic reaction,10002198,Anaphylaxis,10002218,
TEFLARO,AR23,clostridium difficile colitis,AR23.N1,Clostridium difficile colitis,10009657,,,
TEFLARO,AR24,hyperglycemia,AR24.N1,Hyperglycaemia,10020635,Hyperglycemia,10020639,
TEFLARO,AR25,hyperkalemia,AR25.N1,Hyperkalaemia,10020646,Hyperkalemia,10020647,
TEFLARO,AR26,dizziness,AR26.N1,Dizziness,10013573,,,
TEFLARO,AR27,convulsion,AR27.N1,Seizure,10039906,Convulsion,10010904,
TEFLARO,AR28,renal failure,AR28.N1,Renal failure,10038435,,,
TEFLARO,AR29,urticaria,AR29.N1,Urticaria,10046735,,,
TEFLARO,AR30,agranulocytosis,AR30.N1,Agranulocytosis,10001507,,,
TEFLARO,AR31,anaphylactic reactions,AR31.N1,Anaphylactic reaction,10002198,,,
TEFLARO,AR32,cdad,AR32.N1,Clostridium difficile colitis,10009657,"Diarrhea, Clostridium difficile",10012734,
TEFLARO,AR33,fatal,AR33.N1,Death,10011906,,,
TEFLARO,AR34,colitis,AR34.N1,Colitis,10009887,,,
TEFLARO,AR35,seroconversion from a negative to a positive direct coombs' test result,AR35.N1,Coombs direct test positive,10010933,,,
TEFLARO,AR36,seroconverted from a negative to a positive direct coombs' test result,AR36.N1,Coombs direct test positive,10010933,,,
JARDIANCE,AR1,hypotension,AR1.N1,Hypotension,10021097,,,
JARDIANCE,AR2,impairment in renal function,AR2.N1,Renal impairment,10062237,Impaired renal function,10021523,
JARDIANCE,AR3,hypoglycemia,AR3.N1,Hypoglycaemia,10020993,Hypoglycemia,10021005,
JARDIANCE,AR4,genital mycotic infections,AR4.N1,Genital infection fungal,10061180,,,
JARDIANCE,AR5,urinary tract infections,AR5.N1,Urinary tract infection,10046571,,,
JARDIANCE,AR6,increased low-density lipoprotein cholesterol,AR6.N1,Low density lipoprotein increased,10024910,,,
JARDIANCE,AR7,urinary tract infection,AR7.N1,Urinary tract infection,10046571,,,
JARDIANCE,AR8,asymptomatic bacteriuria,AR8.N1,Asymptomatic bacteriuria,10056396,,,
JARDIANCE,AR9,cystitis,AR9.N1,Cystitis,10011781,,,
JARDIANCE,AR10,female genital mycotic infections,AR10.N1,Genital infection female,10061977,,,
JARDIANCE,AR10,female genital mycotic infections,AR10.N2,Genital infection fungal,10061180,,,
JARDIANCE,AR11,vulvovaginal mycotic infection,AR11.N1,Vulvovaginal mycotic infection,10064899,,,
JARDIANCE,AR12,vaginal infection,AR12.N1,Vaginal infection,10046914,,,
JARDIANCE,AR13,vulvitis,AR13.N1,Vulvitis,10047780,,,
JARDIANCE,AR14,vulvovaginal candidiasis,AR14.N1,Vulvovaginal candidiasis,10047784,,,
JARDIANCE,AR15,genital infection,AR15.N1,Genital infection,10048461,,,
JARDIANCE,AR16,genital candidiasis,AR16.N1,Genital candidiasis,10018143,,,
JARDIANCE,AR17,genital infection fungal,AR17.N1,Genital infection fungal,10061180,,,
JARDIANCE,AR18,genitourinary tract infection,AR18.N1,Genitourinary tract infection,10061182,,,
JARDIANCE,AR19,vulvovaginitis,AR19.N1,Vulvovaginitis,10047794,,,
JARDIANCE,AR20,cervicitis,AR20.N1,Cervicitis,10008323,,,
JARDIANCE,AR21,urogenital infection fungal,AR21.N1,Urogenital infection fungal,10065582,,,
JARDIANCE,AR22,vaginitis bacterial,AR22.N1,Vaginitis bacterial,10062167,,,
JARDIANCE,AR23,polyuria,AR23.N1,Polyuria,10036142,,,
JARDIANCE,AR24,pollakiuria,AR24.N1,Pollakiuria,10036018,,,
JARDIANCE,AR25,nocturia,AR25.N1,Nocturia,10029446,,,
JARDIANCE,AR26,balanoposthitis,AR26.N1,Balanoposthitis,10004078,,,
JARDIANCE,AR27,balanitis,AR27.N1,Balanoposthitis,10004078,Balanitis,10004073,
JARDIANCE,AR28,genital infections fungal,AR28.N1,Genital infection fungal,10061180,,,
JARDIANCE,AR29,balanitis candida,AR29.N1,Balanitis candida,10004074,,,
JARDIANCE,AR30,scrotal abscess,AR30.N1,Scrotal abscess,10049571,,,
JARDIANCE,AR31,penile infection,AR31.N1,Penile infection,10061912,,,
JARDIANCE,AR32,upper respiratory tract infection,AR32.N1,Upper respiratory tract infection,10046306,,,
JARDIANCE,AR33,increased urination,AR33.N1,Pollakiuria,10036018,Micturition frequency increased,10071065,
JARDIANCE,AR34,dyslipidemia,AR34.N1,Dyslipidaemia,10058108,Dyslipidemia,10058110,
JARDIANCE,AR35,arthralgia,AR35.N1,Arthralgia,10003239,,,
JARDIANCE,AR36,male genital mycotic infections,AR36.N1,Genital infection male,10062521,,,
JARDIANCE,AR36,male genital mycotic infections,AR36.N2,Genital infection fungal,10061180,,,
JARDIANCE,AR37,nausea,AR37.N1,Nausea,10028813,,,
JARDIANCE,AR38,thirst,AR38.N1,Thirst,10043458,,,
JARDIANCE,AR39,polydipsia,AR39.N1,Polydipsia,10036067,,,
JARDIANCE,AR40,osmotic diuresis,AR40.N1,Polyuria,10036142,Diuresis,10013523,underspecified
JARDIANCE,AR41,intravascular volume contraction,AR41.N1,Hypovolaemia,10021137,Intravascular depletion,10074191,
JARDIANCE,AR42,volume depletion,AR42.N1,Hypovolaemia,10021137,Volume depletion,10047691,
JARDIANCE,AR43,blood pressure decreased,AR43.N1,Blood pressure decreased,10005734,,,
JARDIANCE,AR44,blood pressure systolic decreased,AR44.N1,Blood pressure systolic decreased,10005758,,,
JARDIANCE,AR45,dehydration,AR45.N1,Dehydration,10012174,,,
JARDIANCE,AR46,hypovolemia,AR46.N1,Hypovolaemia,10021137,Hypovolemia,10021139,
JARDIANCE,AR47,orthostatic hypotension,AR47.N1,Orthostatic hypotension,10031127,,,
JARDIANCE,AR48,syncope,AR48.N1,Syncope,10042772,,,
JARDIANCE,AR49,increases in serum creatinine,AR49.N1,Blood creatinine increased,10005483,Serum creatinine increased,10040233,
JARDIANCE,AR50,decreases in egfr,AR50.N1,Glomerular filtration rate decreased,10018358,GFR decreased,10018214,
JARDIANCE,AR51,egfr 30 to less than 60 ml/min/1.73 m 2,AR51.N1,Glomerular filtration rate decreased,10018358,GFR decreased,10018214,
JARDIANCE,AR52,hypoglycemic events,AR52.N1,Hypoglycaemia,10020993,,,
JARDIANCE,AR53,plasma glucose of less than or equal to 70 mg/dl,AR53.N1,Blood glucose decreased,10005555,Plasma glucose decreased,10035305,
JARDIANCE,AR54,capillary glucose of less than or equal to 70 mg/dl,AR54.N1,Blood glucose decreased,10005555,,,
JARDIANCE,AR55,vaginal mycotic infection,AR55.N1,Vulvovaginal mycotic infection,10064899,,,
JARDIANCE,AR56,phimosis,AR56.N1,Phimosis,10034878,,,
JARDIANCE,AR57,increase in low-density lipoprotein cholesterol,AR57.N1,Low density lipoprotein increased,10024910,LDL cholesterol increased,10024055,
JARDIANCE,AR58,increases in low-density lipoprotein cholesterol,AR58.N1,Low density lipoprotein increased,10024910,LDL cholesterol increased,10024055,
JARDIANCE,AR59,ldl-c increased,AR59.N1,Low density lipoprotein increased,10024910,LDL cholesterol increased,10024055,
JARDIANCE,AR60,increase in hematocrit,AR60.N1,Haematocrit increased,10018840,Hematocrit increased,10019424,
JARDIANCE,AR61,hematocrit increased,AR61.N1,Haematocrit increased,10018840,Hematocrit increased,10019424,
JARDIANCE,AR62,increased ldl-c,AR62.N1,Low density lipoprotein increased,10024910,LDL cholesterol increased,10024055,
JARDIANCE,AR63,symptomatic hypotension,AR63.N1,Hypotension,10021097,Hypotension symptomatic,10021105,
JARDIANCE,AR64,increases serum creatinine,AR64.N1,Blood creatinine increased,10005483,Serum creatinine increased,10040233,
JARDIANCE,AR65,decreases egfr,AR65.N1,Glomerular filtration rate decreased,10018358,GFR decreased,10018214,
JARDIANCE,AR66,impaired renal function,AR66.N1,Renal impairment,10062237,Impaired renal function,10021523,
JARDIANCE,AR67,mycotic genital infections,AR67.N1,Genital infection fungal,10061180,,,
JARDIANCE,AR68,increases in ldl-c,AR68.N1,Low density lipoprotein increased,10024910,LDL cholesterol increased,10024055,
ULORIC,AR1,liver function abnormalities,AR1.N1,Hepatic function abnormal,10019670,Function liver abnormal,10017475,
ULORIC,AR2,nausea,AR2.N1,Nausea,10028813,,,
ULORIC,AR3,arthralgia,AR3.N1,Arthralgia,10003239,,,
ULORIC,AR4,rash,AR4.N1,Rash,10037844,,,
ULORIC,AR5,dizziness,AR5.N1,Dizziness,10013573,,,
ULORIC,AR6,anemia,AR6.N1,Anaemia,10002034,Anemia,10002272,
ULORIC,AR7,idiopathic thrombocytopenic purpura,AR7.N1,Immune thrombocytopenic purpura,10074667,Idiopathic thrombocytopenic purpura,10021245,
ULORIC,AR8,leukocytosis,AR8.N1,Leukocytosis,10024378,,,
ULORIC,AR9,leukopenia,AR9.N1,Leukopenia,10024384,,,
ULORIC,AR10,neutropenia,AR10.N1,Neutropenia,10029354,,,
ULORIC,AR11,pancytopenia,AR11.N1,Pancytopenia,10033661,,,
ULORIC,AR12,splenomegaly,AR12.N1,Splenomegaly,10041660,,,
ULORIC,AR13,thrombocytopenia,AR13.N1,Thrombocytopenia,10043554,,,
ULORIC,AR14,angina pectoris,AR14.N1,Angina pectoris,10002383,,,
ULORIC,AR15,atrial fibrillation,AR15.N1,Atrial fibrillation,10003658,,,
ULORIC,AR16,atrial flutter,AR16.N1,Atrial flutter,10003662,,,
ULORIC,AR17,cardiac murmur,AR17.N1,Cardiac murmur,10007586,,,
ULORIC,AR18,ecg abnormal,AR18.N1,Electrocardiogram abnormal,10014363,ECG abnormal,10014085,
ULORIC,AR19,palpitations,AR19.N1,Palpitations,10033557,,,
ULORIC,AR20,sinus bradycardia,AR20.N1,Sinus bradycardia,10040741,,,
ULORIC,AR21,tachycardia,AR21.N1,Tachycardia,10043071,,,
ULORIC,AR22,deafness,AR22.N1,Deafness,10011878,,,
ULORIC,AR23,tinnitus,AR23.N1,Tinnitus,10043882,,,
ULORIC,AR24,vertigo,AR24.N1,Vertigo,10047340,,,
ULORIC,AR25,vision blurred,AR25.N1,Vision blurred,10047513,,,
ULORIC,AR26,abdominal distention,AR26.N1,Abdominal distension,10000060,,,
ULORIC,AR27,abdominal pain,AR27.N1,Abdominal pain,10000081,,,
ULORIC,AR28,constipation,AR28.N1,Constipation,10010774,,,
ULORIC,AR29,dry mouth,AR29.N1,Dry mouth,10013781,,,
ULORIC,AR30,dyspepsia,AR30.N1,Dyspepsia,10013946,,,
ULORIC,AR31,flatulence,AR31.N1,Flatulence,10016766,,,
ULORIC,AR32,frequent stools,AR32.N1,Frequent bowel movements,10017367,Increased stool frequency,10048456,
ULORIC,AR33,gastritis,AR33.N1,Gastritis,10017853,,,
ULORIC,AR34,gastroesophageal reflux disease,AR34.N1,Gastrooesophageal reflux disease,10017885,Gastroesophageal reflux disease,10066874,
ULORIC,AR35,gastrointestinal discomfort,AR35.N1,Abdominal discomfort,10000059,Gastrointestinal discomfort,10054209,
ULORIC,AR36,gingival pain,AR36.N1,Gingival pain,10018286,,,
ULORIC,AR37,haematemesis,AR37.N1,Haematemesis,10018830,,,
ULORIC,AR38,hyperchlorhydria,AR38.N1,Hyperchlorhydria,10020601,,,
ULORIC,AR39,hematochezia,AR39.N1,Haematochezia,10018836,Hematochezia,10060544,
ULORIC,AR40,mouth ulceration,AR40.N1,Mouth ulceration,10028034,,,
ULORIC,AR41,pancreatitis,AR41.N1,Pancreatitis,10033645,,,
ULORIC,AR42,peptic ulcer,AR42.N1,Peptic ulcer,10034341,,,
ULORIC,AR43,vomiting,AR43.N1,Vomiting,10047700,,,
ULORIC,AR44,asthenia,AR44.N1,Asthenia,10003549,,,
ULORIC,AR45,chest pain,AR45.N1,Chest pain,10008479,,,
ULORIC,AR46,chest discomfort,AR46.N1,Chest discomfort,10008469,,,
ULORIC,AR47,edema,AR47.N1,Oedema,10030095,Edema,10014210,
ULORIC,AR48,fatigue,AR48.N1,Fatigue,10016256,,,
ULORIC,AR49,feeling abnormal,AR49.N1,Feeling abnormal,10016322,,,
ULORIC,AR50,gait disturbance,AR50.N1,Gait disturbance,10017577,,,
ULORIC,AR51,influenza-like symptoms,AR51.N1,Influenza like illness,10022004,Influenza-like symptoms,10022009,
ULORIC,AR52,mass,AR52.N1,Mass,10026865,,,
ULORIC,AR53,pain,AR53.N1,Pain,10033371,,,
ULORIC,AR54,thirst,AR54.N1,Thirst,10043458,,,
ULORIC,AR55,cholelithiasis,AR55.N1,Cholelithiasis,10008629,,,
ULORIC,AR56,cholecystitis,AR56.N1,Cholecystitis,10008612,,,
ULORIC,AR57,hepatic steatosis,AR57.N1,Hepatic steatosis,10019708,,,
ULORIC,AR58,hepatitis,AR58.N1,Hepatitis,10019717,,,
ULORIC,AR59,hepatomegaly,AR59.N1,Hepatomegaly,10019842,,,
ULORIC,AR60,hypersensitivity,AR60.N1,Hypersensitivity,10020751,,,
ULORIC,AR61,herpes zoster,AR61.N1,Herpes zoster,10019974,,,
ULORIC,AR62,contusion,AR62.N1,Contusion,10050584,,,
ULORIC,AR63,anorexia,AR63.N1,Decreased appetite,10061428,Anorexia,10002646,
ULORIC,AR64,appetite decreased,AR64.N1,Decreased appetite,10061428,Appetite decreased NOS,10003020,
ULORIC,AR65,appetite increased,AR65.N1,Increased appetite,10021654,,,
ULORIC,AR66,dehydration,AR66.N1,Dehydration,10012174,,,
ULORIC,AR67,diabetes mellitus,AR67.N1,Diabetes mellitus,10012601,,,
ULORIC,AR68,hypercholesterolemia,AR68.N1,Hypercholesterolaemia,10020603,Hypercholesterolemia,10020604,
ULORIC,AR69,hyperglycemia,AR69.N1,Hyperglycaemia,10020635,Hyperglycemia,10020639,
ULORIC,AR70,hyperlipidemia,AR70.N1,Hyperlipidaemia,10062060,Hyperlipidemia,10020667,
ULORIC,AR71,hypertriglyceridemia,AR71.N1,Hypertriglyceridaemia,10020869,Hypertriglyceridemia,10020870,
ULORIC,AR72,hypokalemia,AR72.N1,Hypokalaemia,10021015,Hypokalemia,10021018,
ULORIC,AR73,weight decreased,AR73.N1,Weight decreased,10047895,,,
ULORIC,AR74,weight increased,AR74.N1,Weight increased,10047899,,,
ULORIC,AR75,arthritis,AR75.N1,Arthritis,10003246,,,
ULORIC,AR76,joint stiffness,AR76.N1,Joint stiffness,10023230,,,
ULORIC,AR77,joint swelling,AR77.N1,Joint swelling,10023232,,,
ULORIC,AR78,muscle spasms,AR78.N1,Muscle spasms,10028334,,,
ULORIC,AR79,muscle twitching,AR79.N1,Muscle twitching,10028347,,,
ULORIC,AR80,muscle tightness,AR80.N1,Muscle tightness,10049816,,,
ULORIC,AR81,muscle weakness,AR81.N1,Muscular weakness,10028372,Muscle weakness,10028350,
ULORIC,AR82,musculoskeletal pain,AR82.N1,Musculoskeletal pain,10028391,,,
ULORIC,AR83,musculoskeletal stiffness,AR83.N1,Musculoskeletal stiffness,10052904,,,
ULORIC,AR84,myalgia,AR84.N1,Myalgia,10028411,,,
ULORIC,AR85,altered taste,AR85.N1,Dysgeusia,10013911,Taste altered,10043126,
ULORIC,AR86,balance disorder,AR86.N1,Balance disorder,10049848,,,
ULORIC,AR87,cerebrovascular accident,AR87.N1,Cerebrovascular accident,10008190,,,
ULORIC,AR88,guillain-barre syndrome,AR88.N1,Guillain-Barre syndrome,10018767,,,
ULORIC,AR89,headache,AR89.N1,Headache,10019211,,,
ULORIC,AR90,hemiparesis,AR90.N1,Hemiparesis,10019465,,,
ULORIC,AR91,hypoesthesia,AR91.N1,Hypoaesthesia,10020937,Hypoesthesia,10020976,
ULORIC,AR92,hyposmia,AR92.N1,Hyposmia,10050515,,,
ULORIC,AR93,lacunar infarction,AR93.N1,Lacunar infarction,10051078,,,
ULORIC,AR94,lethargy,AR94.N1,Lethargy,10024264,,,
ULORIC,AR95,mental impairment,AR95.N1,Mental impairment,10027374,,,
ULORIC,AR96,migraine,AR96.N1,Migraine,10027599,,,
ULORIC,AR97,paresthesia,AR97.N1,Paraesthesia,10033775,Paresthesia,10033987,
ULORIC,AR98,somnolence,AR98.N1,Somnolence,10041349,,,
ULORIC,AR99,transient ischemic attack,AR99.N1,Transient ischaemic attack,10044390,Transient ischemic attack,10072760,
ULORIC,AR100,tremor,AR100.N1,Tremor,10044565,,,
ULORIC,AR101,agitation,AR101.N1,Agitation,10001497,,,
ULORIC,AR102,anxiety,AR102.N1,Anxiety,10002855,,,
ULORIC,AR103,depression,AR103.N1,Depression,10012378,,,
ULORIC,AR104,insomnia,AR104.N1,Insomnia,10022437,,,
ULORIC,AR105,irritability,AR105.N1,Irritability,10022998,,,
ULORIC,AR106,libido decreased,AR106.N1,Libido decreased,10024419,,,
ULORIC,AR107,nervousness,AR107.N1,Nervousness,10029216,,,
ULORIC,AR108,panic attack,AR108.N1,Panic attack,10033664,,,
ULORIC,AR109,personality change,AR109.N1,Personality change,10034719,,,
ULORIC,AR110,urinary urgency,AR110.N1,Micturition urgency,10027566,Urinary urgency,10046593,
ULORIC,AR111,urinary incontinence,AR111.N1,Urinary incontinence,10046543,,,
ULORIC,AR112,hematuria,AR112.N1,Haematuria,10018867,Hematuria,10019450,
ULORIC,AR113,nephrolithiasis,AR113.N1,Nephrolithiasis,10029148,,,
ULORIC,AR114,pollakiuria,AR114.N1,Pollakiuria,10036018,,,
ULORIC,AR115,proteinuria,AR115.N1,Proteinuria,10037032,,,
ULORIC,AR116,renal failure,AR116.N1,Renal failure,10038435,,,
ULORIC,AR117,renal insufficiency,AR117.N1,Renal failure,10038435,Renal insufficiency,10038474,
ULORIC,AR118,breast pain,AR118.N1,Breast pain,10006298,,,
ULORIC,AR119,erectile dysfunction,AR119.N1,Erectile dysfunction,10061461,,,
ULORIC,AR120,gynecomastia,AR120.N1,Gynaecomastia,10018800,Gynecomastia,10018801,
ULORIC,AR121,bronchitis,AR121.N1,Bronchitis,10006451,,,
ULORIC,AR122,cough,AR122.N1,Cough,10011224,,,
ULORIC,AR123,dyspnea,AR123.N1,Dyspnoea,10013968,Dyspnea,10013963,
ULORIC,AR124,epistaxis,AR124.N1,Epistaxis,10015090,,,
ULORIC,AR125,nasal dryness,AR125.N1,Nasal dryness,10028740,,,
ULORIC,AR126,paranasal sinus hypersecretion,AR126.N1,Paranasal sinus hypersecretion,10057392,,,
ULORIC,AR127,pharyngeal edema,AR127.N1,Pharyngeal oedema,10034829,Pharyngeal edema,10054544,
ULORIC,AR128,respiratory tract congestion,AR128.N1,Respiratory tract congestion,10052251,,,
ULORIC,AR129,sneezing,AR129.N1,Sneezing,10041232,,,
ULORIC,AR130,throat irritation,AR130.N1,Throat irritation,10043521,,,
ULORIC,AR131,upper respiratory tract infection,AR131.N1,Upper respiratory tract infection,10046306,,,
ULORIC,AR132,alopecia,AR132.N1,Alopecia,10001760,,,
ULORIC,AR133,angio-edema,AR133.N1,Angioedema,10002424,Angio-edema,10002394,
ULORIC,AR134,dermatitis,AR134.N1,Dermatitis,10012431,,,
ULORIC,AR135,dermographism,AR135.N1,Mechanical urticaria,10068773,Dermographism,10012521,
ULORIC,AR136,ecchymosis,AR136.N1,Ecchymosis,10014080,,,
ULORIC,AR137,eczema,AR137.N1,Eczema,10014184,,,
ULORIC,AR138,hair color changes,AR138.N1,Hair colour changes,10019030,Hair color changes,10055525,
ULORIC,AR139,hair growth abnormal,AR139.N1,Hair growth abnormal,10019044,,,
ULORIC,AR140,hyperhidrosis,AR140.N1,Hyperhidrosis,10020642,,,
ULORIC,AR141,peeling skin,AR141.N1,Skin exfoliation,10040844,Skin peeling,10040908,
ULORIC,AR142,petechiae,AR142.N1,Petechiae,10034754,,,
ULORIC,AR143,photosensitivity,AR143.N1,Photosensitivity reaction,10034972,Photosensitivity,10034966,
ULORIC,AR144,pruritus,AR144.N1,Pruritus,10037087,,,
ULORIC,AR145,purpura,AR145.N1,Purpura,10037549,,,
ULORIC,AR146,skin discoloration,AR146.N1,Skin discolouration,10040829,Skin discoloration,10040828,
ULORIC,AR147,skin altered pigmentation,AR147.N1,Pigmentation disorder,10062080,Pigmentation skin,10035028,
ULORIC,AR148,skin lesion,AR148.N1,Skin lesion,10040882,,,
ULORIC,AR149,skin odor abnormal,AR149.N1,Skin odour abnormal,10040904,Skin odor abnormal,10040903,
ULORIC,AR150,urticaria,AR150.N1,Urticaria,10046735,,,
ULORIC,AR151,flushing,AR151.N1,Flushing,10016825,,,
ULORIC,AR152,hot flush,AR152.N1,Hot flush,10060800,,,
ULORIC,AR153,hypertension,AR153.N1,Hypertension,10020772,,,
ULORIC,AR154,hypotension,AR154.N1,Hypotension,10021097,,,
ULORIC,AR155,activated partial thromboplastin time prolonged,AR155.N1,Activated partial thromboplastin time prolonged,10000636,,,
ULORIC,AR156,creatine increased,AR156.N1,Blood creatine increased,10005464,Creatine increased,10011333,
ULORIC,AR157,bicarbonate decreased,AR157.N1,Blood bicarbonate decreased,10005359,,,
ULORIC,AR158,sodium increased,AR158.N1,Blood sodium increased,10005803,Sodium increased,10041272,
ULORIC,AR159,eeg abnormal,AR159.N1,Electroencephalogram abnormal,10014408,EEG abnormal,10014276,
ULORIC,AR160,glucose increased,AR160.N1,Blood glucose increased,10005557,Glucose increased,10018421,
ULORIC,AR161,cholesterol increased,AR161.N1,Blood cholesterol increased,10005425,Cholesterol levels raised,10008663,
ULORIC,AR162,triglycerides increased,AR162.N1,Blood triglycerides increased,10005839,Triglycerides high,10052373,
ULORIC,AR163,amylase increased,AR163.N1,Amylase increased,10002016,,,
ULORIC,AR164,potassium increased,AR164.N1,Blood potassium increased,10005725,Potassium increased,10036450,
ULORIC,AR165,tsh increased,AR165.N1,Blood thyroid stimulating hormone increased,10005833,TSH increased,10044718,
ULORIC,AR166,platelet count decreased,AR166.N1,Platelet count decreased,10035528,,,
ULORIC,AR167,hematocrit decreased,AR167.N1,Haematocrit decreased,10018838,Hematocrit decreased,10019423,
ULORIC,AR168,hemoglobin decreased,AR168.N1,Haemoglobin decreased,10018884,Hemoglobin decreased,10019483,
ULORIC,AR169,mcv increased,AR169.N1,Mean cell volume increased,10027004,,,
ULORIC,AR170,rbc decreased,AR170.N1,Red blood cell count decreased,10038153,RBC decreased,10037926,
ULORIC,AR171,creatinine increased,AR171.N1,Blood creatinine increased,10005483,Creatinine increased,10011368,
ULORIC,AR172,blood urea increased,AR172.N1,Blood urea increased,10005851,,,
ULORIC,AR173,bun/creatinine ratio increased,AR173.N1,Blood urea nitrogen/creatinine ratio increased,10050760,,,
ULORIC,AR174,creatine phosphokinase increased,AR174.N1,Blood creatine phosphokinase increased,10005470,Creatine phosphokinase increased,10011349,
ULORIC,AR175,cpk increased,AR175.N1,Blood creatine phosphokinase increased,10005470,CPK increased,10011268,
ULORIC,AR176,alkaline phosphatase increased,AR176.N1,Blood alkaline phosphatase increased,10059570,Alkaline phosphatase increased,10001675,
ULORIC,AR177,ldh increased,AR177.N1,Blood lactate dehydrogenase increased,10005630,LDH increased,10024051,
ULORIC,AR178,psa increased,AR178.N1,Prostatic specific antigen increased,10036975,PSA increased,10037102,
ULORIC,AR179,urine output increased,AR179.N1,Urine output increased,10059896,,,
ULORIC,AR180,urine output decreased,AR180.N1,Urine output decreased,10059895,,,
ULORIC,AR181,lymphocyte count decreased,AR181.N1,Lymphocyte count decreased,10025256,,,
ULORIC,AR182,neutrophil count decreased,AR182.N1,Neutrophil count decreased,10029366,,,
ULORIC,AR183,wbc increased,AR183.N1,White blood cell count increased,10047943,WBC increased,10056739,
ULORIC,AR184,wbc decreased,AR184.N1,White blood cell count decreased,10047942,WBC decreased,10056731,
ULORIC,AR185,coagulation test abnormal,AR185.N1,Coagulation test abnormal,10063557,,,
ULORIC,AR186,low density lipoprotein increased,AR186.N1,Low density lipoprotein increased,10024910,,,
ULORIC,AR187,ldl increased,AR187.N1,Low density lipoprotein increased,10024910,LDL increased,10024057,
ULORIC,AR188,prothrombin time prolonged,AR188.N1,Prothrombin time prolonged,10037063,,,
ULORIC,AR189,urinary casts,AR189.N1,Urinary casts present,10067534,,,
ULORIC,AR190,urine positive for white blood cells,AR190.N1,White blood cells urine positive,10047967,,,
ULORIC,AR191,urine positive for protein,AR191.N1,Protein urine present,10053123,Protein urine positive,10037020,
ULORIC,AR192,cardiovascular events,AR192.N1,Cardiovascular symptom,10075534,,,
ULORIC,AR193,deaths,AR193.N1,Death,10011906,,,
ULORIC,AR194,cardiovascular death,AR194.N1,Cardiac death,10049993,,,
ULORIC,AR195,myocardial infarction,AR195.N1,Myocardial infarction,10028596,,,
ULORIC,AR196,stroke,AR196.N1,Cerebrovascular accident,10008190,Stroke,10042244,
ULORIC,AR197,hepatic failure,AR197.N1,Hepatic failure,10019663,,,
ULORIC,AR198,fatal,AR198.N1,Death,10011906,,,
ULORIC,AR199,jaundice,AR199.N1,Jaundice,10023126,,,
ULORIC,AR200,abnormal liver function,AR200.N1,Hepatic function abnormal,10019670,Function liver abnormal,10017475,
ULORIC,AR201,liver disorder,AR201.N1,Liver disorder,10024670,,,
ULORIC,AR202,anaphylaxis,AR202.N1,Anaphylactic reaction,10002198,Anaphylaxis,10002218,
ULORIC,AR203,anaphylactic reaction,AR203.N1,Anaphylactic reaction,10002198,,,
ULORIC,AR204,rhabdomyolysis,AR204.N1,Rhabdomyolysis,10039020,,,
ULORIC,AR205,psychotic behavior,AR205.N1,Psychotic behaviour,10037249,Psychotic behavior,10067568,
ULORIC,AR206,aggressive thoughts,AR206.N1,Aggression,10001488,Aggressive reaction,10001493,
ULORIC,AR207,tubulointerstitial nephritis,AR207.N1,Tubulointerstitial nephritis,10048302,,,
ULORIC,AR208,generalized rash,AR208.N1,Rash generalised,10037858,Generalized rash,10049201,
ULORIC,AR209,stevens johnson syndrome,AR209.N1,Stevens-Johnson syndrome,10042033,Stevens Johnson syndrome,10042030,
ULORIC,AR210,hypersensitivity skin reactions,AR210.N1,Dermatitis allergic,10012434,Cutaneous hypersensitivity,10011667,
ULORIC,AR211,gout flare,AR211.N1,Gout,10018627,Gout flare,10064900,
ULORIC,AR212,gout flares,AR212.N1,Gout,10018627,Gout flare,10064900,
ULORIC,AR213,cardiovascular thromboembolic events,AR213.N1,Embolism,10061169,Thromboembolic event,10043565,
ULORIC,AR214,hepatic effects,AR214.N1,Hepatotoxicity,10019851,Hepatotoxic effect,10019850,
ULORIC,AR215,cardiovascular deaths,AR215.N1,Cardiac death,10049993,,,
ULORIC,AR216,myocardial infarctions,AR216.N1,Myocardial infarction,10028596,,,
ULORIC,AR217,strokes,AR217.N1,Cerebrovascular accident,10008190,Stroke,10042244,
ULORIC,AR218,transaminase elevations,AR218.N1,Transaminases increased,10054889,,,
KYPROLIS,AR1,cardiac toxicities,AR1.N1,Cardiotoxicity,10048610,,,
KYPROLIS,AR2,acute renal failure,AR2.N1,Acute kidney injury,10069339,Acute renal failure,10001041,
KYPROLIS,AR3,tumor lysis syndrome,AR3.N1,Tumour lysis syndrome,10045170,Tumor lysis syndrome,10045152,
KYPROLIS,AR4,pulmonary toxicity,AR4.N1,Pulmonary toxicity,10061924,,,
KYPROLIS,AR5,pulmonary hypertension,AR5.N1,Pulmonary hypertension,10037400,,,
KYPROLIS,AR6,dyspnea,AR6.N1,Dyspnoea,10013968,Dyspnea,10013963,
KYPROLIS,AR7,hypertension,AR7.N1,Hypertension,10020772,,,
KYPROLIS,AR8,venous thrombosis,AR8.N1,Venous thrombosis,10047249,,,
KYPROLIS,AR9,infusion reactions,AR9.N1,Infusion related reaction,10051792,,,
KYPROLIS,AR10,thrombocytopenia,AR10.N1,Thrombocytopenia,10043554,,,
KYPROLIS,AR11,hepatic toxicity,AR11.N1,Hepatotoxicity,10019851,,,
KYPROLIS,AR12,hepatic failure,AR12.N1,Hepatic failure,10019663,,,
KYPROLIS,AR13,thrombotic thrombocytopenic purpura,AR13.N1,Thrombotic thrombocytopenic purpura,10043648,,,
KYPROLIS,AR14,hemolytic uremic syndrome,AR14.N1,Haemolytic uraemic syndrome,10018932,Hemolytic uremic syndrome,10019515,
KYPROLIS,AR15,posterior reversible encephalopathy syndrome,AR15.N1,Posterior reversible encephalopathy syndrome,10071066,,,
KYPROLIS,AR16,pres,AR16.N1,Posterior reversible encephalopathy syndrome,10071066,,,
KYPROLIS,AR17,anemia,AR17.N1,Anaemia,10002034,Anemia,10002272,
KYPROLIS,AR18,fatigue,AR18.N1,Fatigue,10016256,,,
KYPROLIS,AR19,nausea,AR19.N1,Nausea,10028813,,,
KYPROLIS,AR20,pyrexia,AR20.N1,Pyrexia,10037660,,,
KYPROLIS,AR21,decreased platelets,AR21.N1,Platelet count decreased,10035528,Platelets decreased,10035545,
KYPROLIS,AR22,diarrhea,AR22.N1,Diarrhoea,10012735,Diarrhea,10012727,
KYPROLIS,AR23,decreased lymphocyte,AR23.N1,Lymphocyte count decreased,10025256,,,
KYPROLIS,AR24,headache,AR24.N1,Headache,10019211,,,
KYPROLIS,AR25,decreased hemoglobin,AR25.N1,Haemoglobin decreased,10018884,Decreased hemoglobin,10011964,
KYPROLIS,AR26,cough,AR26.N1,Cough,10011224,,,
KYPROLIS,AR27,edema peripheral,AR27.N1,Oedema peripheral,10030124,Edema peripheral,10014251,
KYPROLIS,AR28,decreased lymphocytes,AR28.N1,Lymphocyte count decreased,10025256,,,
KYPROLIS,AR29,decreased absolute neutrophil count,AR29.N1,Neutrophil count decreased,10029366,Absolute neutrophil count decreased,10059234,
KYPROLIS,AR30,decreased phosphorus,AR30.N1,Blood phosphorus decreased,10049471,Phosphorus low,10050715,
KYPROLIS,AR31,neutropenia,AR31.N1,Neutropenia,10029354,,,
KYPROLIS,AR32,decreased total white blood cell count,AR32.N1,White blood cell count decreased,10047942,,,
KYPROLIS,AR33,muscle spasm,AR33.N1,Muscle spasms,10028334,Muscle spasm,10028333,
KYPROLIS,AR34,upper respiratory tract infection,AR34.N1,Upper respiratory tract infection,10046306,,,
KYPROLIS,AR35,hypokalemia,AR35.N1,Hypokalaemia,10021015,Hypokalemia,10021018,
KYPROLIS,AR36,deaths,AR36.N1,Death,10011906,,,
KYPROLIS,AR37,died,AR37.N1,Death,10011906,,,
KYPROLIS,AR38,cardiac adverse events,AR38.N1,Cardiovascular symptom,10075534,,,
KYPROLIS,AR39,infection adverse events,AR39.N1,Infection,10021789,,,
KYPROLIS,AR40,renal adverse events,AR40.N1,Renal impairment,10062237,Renal function disorder,10038455,
KYPROLIS,AR41,pneumonia,AR41.N1,Pneumonia,10035664,,,
KYPROLIS,AR42,respiratory tract infection,AR42.N1,Respiratory tract infection,10062352,,,
KYPROLIS,AR43,pulmonary embolism,AR43.N1,Pulmonary embolism,10037377,,,
KYPROLIS,AR44,myocardial infarction,AR44.N1,Myocardial infarction,10028596,,,
KYPROLIS,AR45,bronchopneumonia,AR45.N1,Pneumonia,10035664,Bronchopneumonia,10006469,
KYPROLIS,AR46,peripheral neuropathies nec,AR46.N1,Peripheral neuropathies NEC,10034607,,,HLT
KYPROLIS,AR47,dyspnea exertional,AR47.N1,Dyspnoea exertional,10013971,Dyspnea exertional,10013966,
KYPROLIS,AR48,"embolic and thrombotic events, venous",AR48.N1,Embolism venous,10014522,Venous thromboembolism,10066899,
KYPROLIS,AR49,hypertensive crisis,AR49.N1,Hypertensive crisis,10020802,,,
KYPROLIS,AR50,hypertensive emergency,AR50.N1,Hypertensive emergency,10058179,,,
KYPROLIS,AR51,constipation,AR51.N1,Constipation,10010774,,,
KYPROLIS,AR52,asthenia,AR52.N1,Asthenia,10003549,,,
KYPROLIS,AR53,nasopharyngitis,AR53.N1,Nasopharyngitis,10028810,,,
KYPROLIS,AR54,bronchitis,AR54.N1,Bronchitis,10006451,,,
KYPROLIS,AR55,hypocalcemia,AR55.N1,Hypocalcaemia,10020947,Hypocalcemia,10020949,
KYPROLIS,AR56,hyperglycemia,AR56.N1,Hyperglycaemia,10020635,Hyperglycemia,10020639,
KYPROLIS,AR57,muscle spasms,AR57.N1,Muscle spasms,10028334,,,
KYPROLIS,AR58,insomnia,AR58.N1,Insomnia,10022437,,,
KYPROLIS,AR59,rash,AR59.N1,Rash,10037844,,,
KYPROLIS,AR60,febrile neutropenia,AR60.N1,Febrile neutropenia,10016288,,,
KYPROLIS,AR61,lymphopenia,AR61.N1,Lymphopenia,10025327,,,
KYPROLIS,AR62,cardiac arrest,AR62.N1,Cardiac arrest,10007515,,,
KYPROLIS,AR63,cardiac failure,AR63.N1,Cardiac failure,10007554,,,
KYPROLIS,AR64,cardiac failure congestive,AR64.N1,Cardiac failure congestive,10007559,,,
KYPROLIS,AR65,myocardial ischemia,AR65.N1,Myocardial ischaemia,10028600,Myocardial ischemia,10028601,
KYPROLIS,AR66,cataract,AR66.N1,Cataract,10007739,,,
KYPROLIS,AR67,vision blurred,AR67.N1,Vision blurred,10047513,,,
KYPROLIS,AR68,abdominal pain,AR68.N1,Abdominal pain,10000081,,,
KYPROLIS,AR69,abdominal pain upper,AR69.N1,Abdominal pain upper,10000087,,,
KYPROLIS,AR70,dyspepsia,AR70.N1,Dyspepsia,10013946,,,
KYPROLIS,AR71,toothache,AR71.N1,Toothache,10044055,,,
KYPROLIS,AR72,chills,AR72.N1,Chills,10008531,,,
KYPROLIS,AR73,infusion site reaction,AR73.N1,Infusion site reaction,10054996,,,
KYPROLIS,AR74,multi-organ failure,AR74.N1,Multi-organ failure,10028154,,,
KYPROLIS,AR75,pain,AR75.N1,Pain,10033371,,,
KYPROLIS,AR76,influenza,AR76.N1,Influenza,10022000,,,
KYPROLIS,AR77,sepsis,AR77.N1,Sepsis,10040047,,,
KYPROLIS,AR78,urinary tract infection,AR78.N1,Urinary tract infection,10046571,,,
KYPROLIS,AR79,viral infection,AR79.N1,Viral infection,10047461,,,
KYPROLIS,AR80,dehydration,AR80.N1,Dehydration,10012174,,,
KYPROLIS,AR81,hyperkalemia,AR81.N1,Hyperkalaemia,10020646,Hyperkalemia,10020647,
KYPROLIS,AR82,hyperuricemia,AR82.N1,Hyperuricaemia,10020903,Hyperuricemia,10020907,
KYPROLIS,AR83,hypoalbuminemia,AR83.N1,Hypoalbuminaemia,10020942,Hypoalbuminemia,10020943,
KYPROLIS,AR84,hyponatremia,AR84.N1,Hyponatraemia,10021036,Hyponatremia,10021038,
KYPROLIS,AR85,muscular weakness,AR85.N1,Muscular weakness,10028372,,,
KYPROLIS,AR86,myalgia,AR86.N1,Myalgia,10028411,,,
KYPROLIS,AR87,hypoesthesia,AR87.N1,Hypoaesthesia,10020937,Hypoesthesia,10020976,
KYPROLIS,AR88,paresthesia,AR88.N1,Paraesthesia,10033775,Paresthesia,10033987,
KYPROLIS,AR89,deafness,AR89.N1,Deafness,10011878,,,
KYPROLIS,AR90,anxiety,AR90.N1,Anxiety,10002855,,,
KYPROLIS,AR91,delirium,AR91.N1,Delirium,10012218,,,
KYPROLIS,AR92,renal failure,AR92.N1,Renal failure,10038435,,,
KYPROLIS,AR93,renal failure acute,AR93.N1,Acute kidney injury,10069339,Renal failure acute,10038436,
KYPROLIS,AR94,renal impairment,AR94.N1,Renal impairment,10062237,,,
KYPROLIS,AR95,dysphonia,AR95.N1,Dysphonia,10013952,,,
KYPROLIS,AR96,epistaxis,AR96.N1,Epistaxis,10015090,,,
KYPROLIS,AR97,oropharyngeal pain,AR97.N1,Oropharyngeal pain,10068319,,,
KYPROLIS,AR98,pulmonary edema,AR98.N1,Pulmonary oedema,10037423,Pulmonary edema,10037375,
KYPROLIS,AR99,erythema,AR99.N1,Erythema,10015150,,,
KYPROLIS,AR100,hyperhidrosis,AR100.N1,Hyperhidrosis,10020642,,,
KYPROLIS,AR101,pruritus,AR101.N1,Pruritus,10037087,,,
KYPROLIS,AR102,deep vein thrombosis,AR102.N1,Deep vein thrombosis,10051055,,,
KYPROLIS,AR103,hypotension,AR103.N1,Hypotension,10021097,,,
KYPROLIS,AR104,hypophosphatemia,AR104.N1,Hypophosphataemia,10021058,Hypophosphatemia,10021059,
KYPROLIS,AR105,decreased potassium,AR105.N1,Blood potassium decreased,10005724,Potassium decreased,10036443,
KYPROLIS,AR106,disease progression,AR106.N1,Disease progression,10061818,,,
KYPROLIS,AR107,hypercalcemia,AR107.N1,Hypercalcaemia,10020583,Hypercalcemia,10020587,
KYPROLIS,AR108,congestive heart failure,AR108.N1,Cardiac failure congestive,10007559,Congestive heart failure,10010684,
KYPROLIS,AR109,multiple myeloma,AR109.N1,Plasma cell myeloma,10035226,Multiple myeloma,10028228,
KYPROLIS,AR110,cardiac disorders,AR110.N1,Cardiac disorder,10061024,,,
KYPROLIS,AR111,infections,AR111.N1,Infection,10021789,,,
KYPROLIS,AR112,renal disorders,AR112.N1,Renal disorder,10038428,,,
KYPROLIS,AR113,mortality,AR113.N1,Death,10011906,,,
KYPROLIS,AR114,leukopenia,AR114.N1,Leukopenia,10024384,,,
KYPROLIS,AR115,vomiting,AR115.N1,Vomiting,10047700,,,
KYPROLIS,AR116,decreased appetite,AR116.N1,Decreased appetite,10061428,,,
KYPROLIS,AR117,back pain,AR117.N1,Back pain,10003988,,,
KYPROLIS,AR118,arthralgia,AR118.N1,Arthralgia,10003239,,,
KYPROLIS,AR119,pain in extremity,AR119.N1,Pain in extremity,10033425,,,
KYPROLIS,AR120,musculoskeletal pain,AR120.N1,Musculoskeletal pain,10028391,,,
KYPROLIS,AR121,dizziness,AR121.N1,Dizziness,10013573,,,
KYPROLIS,AR122,blurred vision,AR122.N1,Vision blurred,10047513,Blurred vision,10005886,
KYPROLIS,AR123,hypomagnesemia,AR123.N1,Hypomagnesaemia,10021027,Hypomagnesemia,10021028,
KYPROLIS,AR124,musculoskeletal chest pain,AR124.N1,Musculoskeletal chest pain,10050819,,,
KYPROLIS,AR125,decreased sodium,AR125.N1,Blood sodium decreased,10005802,Sodium decreased,10041268,
KYPROLIS,AR126,ttp,AR126.N1,Thrombotic thrombocytopenic purpura,10043648,,,
KYPROLIS,AR127,hus,AR127.N1,Haemolytic uraemic syndrome,10018932,HUS,10020472,
KYPROLIS,AR127,hus,AR127.N2,Haemolytic uraemic syndrome,10018932,Hemolytic-uremic syndrome,10019516,
KYPROLIS,AR128,fatal,AR128.N1,Death,10011906,,,
KYPROLIS,AR129,tls,AR129.N1,Tumour lysis syndrome,10045170,Tumor lysis syndrome,10045152,
KYPROLIS,AR130,acute respiratory distress syndrome,AR130.N1,Acute respiratory distress syndrome,10001052,,,
KYPROLIS,AR131,acute respiratory failure,AR131.N1,Acute respiratory failure,10001053,,,
KYPROLIS,AR132,acute diffuse infiltrative pulmonary disease,AR132.N1,Interstitial lung disease,10022611,Acute diffuse infiltrative lung disease,10066153,
KYPROLIS,AR133,embryo-fetal toxicity,AR133.N1,Maternal drugs affecting foetus,10026923,Drug toxicity NEC affecting foetus,10013750,
KYPROLIS,AR134,fetal harm,AR134.N1,Foetal damage,10016852,Fetal damage,10054743,
KYPROLIS,AR135,new onset cardiac failure,AR135.N1,Cardiac failure,10007554,,,
KYPROLIS,AR136,worsening of pre-existing cardiac failure,AR136.N1,Cardiac failure,10007554,Cardiac failure aggravated,10007557,
KYPROLIS,AR137,decreased ejection fraction,AR137.N1,Ejection fraction decreased,10050528,,,
KYPROLIS,AR138,restrictive cardiomyopathy,AR138.N1,Restrictive cardiomyopathy,10038748,,,
KYPROLIS,AR139,fatalities,AR139.N1,Death,10011906,,,
KYPROLIS,AR140,death,AR140.N1,Death,10011906,,,
KYPROLIS,AR141,renal insufficiency adverse events,AR141.N1,Renal failure,10038435,Renal insufficiency,10038474,
KYPROLIS,AR142,ards,AR142.N1,Acute respiratory distress syndrome,10001052,ARDS,10003083,
KYPROLIS,AR143,pneumonitis,AR143.N1,Pneumonitis,10035742,,,
KYPROLIS,AR144,interstitial lung disease,AR144.N1,Interstitial lung disease,10022611,,,
KYPROLIS,AR145,pulmonary arterial hypertension,AR145.N1,Pulmonary arterial hypertension,10064911,,,
KYPROLIS,AR146,pah,AR146.N1,Pulmonary arterial hypertension,10064911,,,
KYPROLIS,AR147,venous thromboembolic events,AR147.N1,Embolism venous,10014522,Venous thromboembolism,10066899,
KYPROLIS,AR148,deep venous thrombosis,AR148.N1,Deep vein thrombosis,10051055,Thrombosis venous deep,10043642,
KYPROLIS,AR149,fever,AR149.N1,Pyrexia,10037660,Fever,10016558,
KYPROLIS,AR150,facial flushing,AR150.N1,Flushing,10016825,Facial flushing,10016046,
KYPROLIS,AR151,facial edema,AR151.N1,Face oedema,10016029,Face edema,10016025,
KYPROLIS,AR152,weakness,AR152.N1,Asthenia,10003549,Weakness,10047862,
KYPROLIS,AR153,shortness of breath,AR153.N1,Dyspnoea,10013968,Shortness of breath,10040604,
KYPROLIS,AR154,syncope,AR154.N1,Syncope,10042772,,,
KYPROLIS,AR155,chest tightness,AR155.N1,Chest discomfort,10008469,Chest tightness,10008492,
KYPROLIS,AR156,angina,AR156.N1,Angina pectoris,10002383,Angina,10002372,
KYPROLIS,AR157,platelet nadirs,AR157.N1,Platelet count decreased,10035528,Low platelets,10024922,
KYPROLIS,AR158,increased serum transaminases,AR158.N1,Transaminases increased,10054889,Serum transaminase increased,10040421,
YERVOY,AR1,immune-mediated enterocolitis,AR1.N1,Autoimmune colitis,10075761,,,underspecified
YERVOY,AR2,immune-mediated hepatitis,AR2.N1,Autoimmune hepatitis,10003827,,,underspecified
YERVOY,AR3,immune-mediated dermatitis,AR3.N1,Dermatitis allergic,10012434,,,
YERVOY,AR4,immune-mediated neuropathies,AR4.N1,Autoimmune neuropathy,10070439,,,underspecified
YERVOY,AR5,immune-mediated endocrinopathies,AR5.N1,Endocrine autoimmune disorders,10003818,,,underspecified;HLT
YERVOY,AR6,immune-mediated adverse reactions,AR6.N1,Hypersensitivity,10020751,,,
YERVOY,AR7,ocular manifestations,AR7.N1,Eye symptom,10075536,,,
YERVOY,AR8,fatigue,AR8.N1,Fatigue,10016256,,,
YERVOY,AR9,diarrhea,AR9.N1,Diarrhoea,10012735,Diarrhea,10012727,
YERVOY,AR10,pruritus,AR10.N1,Pruritus,10037087,,,
YERVOY,AR11,rash,AR11.N1,Rash,10037844,,,
YERVOY,AR12,colitis,AR12.N1,Colitis,10009887,,,
YERVOY,AR13,fatal,AR13.N1,Death,10011906,,,
YERVOY,AR14,intestinal perforation,AR14.N1,Intestinal perforation,10022694,,,
YERVOY,AR15,enterocolitis,AR15.N1,Enterocolitis,10014893,,,
YERVOY,AR16,hepatotoxicity,AR16.N1,Hepatotoxicity,10019851,,,
YERVOY,AR17,dermatitis,AR17.N1,Dermatitis,10012431,,,
YERVOY,AR18,neuropathy,AR18.N1,Neuropathy peripheral,10029331,Neuropathy,10029328,
YERVOY,AR19,endocrinopathy,AR19.N1,Endocrine disorder,10014695,,,
YERVOY,AR20,hypopituitarism,AR20.N1,Hypopituitarism,10021067,,,
YERVOY,AR21,adrenal insufficiency,AR21.N1,Adrenal insufficiency,10001367,,,
YERVOY,AR22,pneumonitis,AR22.N1,Pneumonitis,10035742,,,
YERVOY,AR23,meningitis,AR23.N1,Meningitis,10027199,,,
YERVOY,AR24,nephritis,AR24.N1,Nephritis,10029117,,,
YERVOY,AR25,eosinophilia,AR25.N1,Eosinophilia,10014950,,,
YERVOY,AR26,pericarditis,AR26.N1,Pericarditis,10034484,,,
YERVOY,AR27,urticaria,AR27.N1,Urticaria,10046735,,,
YERVOY,AR28,large intestinal ulcer,AR28.N1,Large intestinal ulcer,10023799,,,
YERVOY,AR29,esophagitis,AR29.N1,Oesophagitis,10030216,Esophagitis,10015461,
YERVOY,AR30,acute respiratory distress syndrome,AR30.N1,Acute respiratory distress syndrome,10001052,,,
YERVOY,AR31,renal failure,AR31.N1,Renal failure,10038435,,,
YERVOY,AR32,infusion reaction,AR32.N1,Infusion related reaction,10051792,,,
YERVOY,AR33,hepatitis,AR33.N1,Hepatitis,10019717,,,
YERVOY,AR34,drug reaction with eosinophilia and systemic symptoms,AR34.N1,Drug reaction with eosinophilia and systemic symptoms,10073508,,,
YERVOY,AR35,dress syndrome,AR35.N1,Drug reaction with eosinophilia and systemic symptoms,10073508,DRESS syndrome,10058899,
YERVOY,AR36,immune-mediated reactions,AR36.N1,Hypersensitivity,10020751,,,
YERVOY,AR37,toxic epidermal necrolysis,AR37.N1,Toxic epidermal necrolysis,10044223,,,
YERVOY,AR38,fever,AR38.N1,Pyrexia,10037660,Fever,10016558,
YERVOY,AR39,ileus,AR39.N1,Ileus,10021328,,,
YERVOY,AR40,peritoneal signs,AR40.N1,Peritoneal disorder,10061343,,,
YERVOY,AR41,abdominal pain,AR41.N1,Abdominal pain,10000081,,,
YERVOY,AR42,mucus in stool,AR42.N1,Mucous stools,10028140,,,
YERVOY,AR43,blood in stool,AR43.N1,Haematochezia,10018836,Blood in stool,10005603,
YERVOY,AR44,died,AR44.N1,Death,10011906,,,
YERVOY,AR45,ast elevations,AR45.N1,Aspartate aminotransferase increased,10003481,AST increased,10003544,
YERVOY,AR46,alt elevations,AR46.N1,Alanine aminotransferase increased,10001551,ALT increased,10001845,
YERVOY,AR47,total bilirubin elevations,AR47.N1,Blood bilirubin increased,10005364,Bilirubin total increased,10056806,
YERVOY,AR48,hepatic failure,AR48.N1,Hepatic failure,10019663,,,
YERVOY,AR49,liver function test abnormalities,AR49.N1,Liver function test abnormal,10024690,Liver function tests multiple abnorm,10024694,
YERVOY,AR50,total bilirubin elevation,AR50.N1,Blood bilirubin increased,10005364,Bilirubin total increased,10056806,
YERVOY,AR51,increases in transaminases,AR51.N1,Transaminases increased,10054889,,,
YERVOY,AR52,increases in total bilirubin,AR52.N1,Blood bilirubin increased,10005364,Bilirubin total increased,10056806,
YERVOY,AR53,stevens-johnson syndrome,AR53.N1,Stevens-Johnson syndrome,10042033,,,
YERVOY,AR54,dermal ulceration,AR54.N1,Skin ulcer,10040943,Skin ulceration,10040947,
YERVOY,AR55,dermal necrotic manifestations,AR55.N1,Skin necrosis,10040893,,,
YERVOY,AR56,dermal bullous manifestations,AR56.N1,Dermatitis bullous,10012441,,,
YERVOY,AR57,dermal hemorrhagic manifestations,AR57.N1,Purpura,10037549,Dermatitis hemorrhagic,10012467,
YERVOY,AR58,guillain-barre syndrome,AR58.N1,Guillain-Barre syndrome,10018767,,,
YERVOY,AR59,peripheral motor neuropathy,AR59.N1,Peripheral motor neuropathy,10034580,,,
YERVOY,AR60,myasthenia gravis,AR60.N1,Myasthenia gravis,10028417,,,
YERVOY,AR61,endocrinopathies,AR61.N1,Endocrine disorder,10014695,,,
YERVOY,AR62,hypogonadism,AR62.N1,Hypogonadism,10058359,,,
YERVOY,AR63,hypothyroidism,AR63.N1,Hypothyroidism,10021114,,,
YERVOY,AR64,hyperthyroidism,AR64.N1,Hyperthyroidism,10020850,,,
YERVOY,AR65,cushing's syndrome,AR65.N1,Cushing's syndrome,10011652,,,
YERVOY,AR66,immune-mediated endocrinopathy,AR66.N1,Endocrine autoimmune disorders,10003818,,,underspecified;HLT
YERVOY,AR67,hypophysitis,AR67.N1,Hypophysitis,10062767,,,
YERVOY,AR68,uveitis,AR68.N1,Uveitis,10046851,,,
YERVOY,AR69,iritis,AR69.N1,Iritis,10022955,,,
YERVOY,AR70,hemolytic anemia,AR70.N1,Haemolytic anaemia,10018916,Hemolytic anemia,10019493,
YERVOY,AR71,myocarditis,AR71.N1,Myocarditis,10028606,,,
YERVOY,AR72,angiopathy,AR72.N1,Angiopathy,10059245,,,
YERVOY,AR73,temporal arteritis,AR73.N1,Temporal arteritis,10043207,,,
YERVOY,AR74,vasculitis,AR74.N1,Vasculitis,10047115,,,
YERVOY,AR75,polymyalgia rheumatica,AR75.N1,Polymyalgia rheumatica,10036099,,,
YERVOY,AR76,conjunctivitis,AR76.N1,Conjunctivitis,10010741,,,
YERVOY,AR77,blepharitis,AR77.N1,Blepharitis,10005148,,,
YERVOY,AR78,episcleritis,AR78.N1,Episcleritis,10015084,,,
YERVOY,AR79,scleritis,AR79.N1,Scleritis,10039705,,,
YERVOY,AR80,leukocytoclastic vasculitis,AR80.N1,Hypersensitivity vasculitis,10020764,Leukocytoclastic vasculitis,10024377,
YERVOY,AR81,erythema multiforme,AR81.N1,Erythema multiforme,10015218,,,
YERVOY,AR82,psoriasis,AR82.N1,Psoriasis,10037153,,,
YERVOY,AR83,pancreatitis,AR83.N1,Pancreatitis,10033645,,,
YERVOY,AR84,arthritis,AR84.N1,Arthritis,10003246,,,
YERVOY,AR85,autoimmune thyroiditis,AR85.N1,Autoimmune thyroiditis,10049046,,,
YERVOY,AR86,sarcoidosis,AR86.N1,Sarcoidosis,10039486,,,
YERVOY,AR87,neurosensory hypoacusis,AR87.N1,Neurosensory hypoacusis,10067587,,,
YERVOY,AR88,autoimmune central neuropathy,AR88.N1,Autoimmune neuropathy,10070439,,,
YERVOY,AR89,encephalitis,AR89.N1,Encephalitis,10014581,,,
YERVOY,AR90,myositis,AR90.N1,Myositis,10028653,,,
YERVOY,AR91,polymyositis,AR91.N1,Polymyositis,10036102,,,
YERVOY,AR92,ocular myositis,AR92.N1,Extraocular muscle disorder,10053635,Orbital myositis,10031050,underspecified
GADAVIST,AR1,nephrogenic systemic fibrosis,AR1.N1,Nephrogenic systemic fibrosis,10067467,,,
GADAVIST,AR2,nsf,AR2.N1,Nephrogenic systemic fibrosis,10067467,,,
GADAVIST,AR3,hypersensitivity reactions,AR3.N1,Hypersensitivity,10020751,Hypersensitivity reaction,10020756,
GADAVIST,AR4,headache,AR4.N1,Headache,10019211,,,
GADAVIST,AR5,nausea,AR5.N1,Nausea,10028813,,,
GADAVIST,AR6,dizziness,AR6.N1,Dizziness,10013573,,,
GADAVIST,AR7,dysgeusia,AR7.N1,Dysgeusia,10013911,,,
GADAVIST,AR8,feeling hot,AR8.N1,Feeling hot,10016334,,,
GADAVIST,AR9,injection site reactions,AR9.N1,Injection site reaction,10022095,,,
GADAVIST,AR10,vomiting,AR10.N1,Vomiting,10047700,,,
GADAVIST,AR11,rash,AR11.N1,Rash,10037844,,,
GADAVIST,AR12,rash generalized,AR12.N1,Rash generalised,10037858,Generalized rash,10049201,
GADAVIST,AR13,rash macular,AR13.N1,Rash macular,10037867,,,
GADAVIST,AR14,rash papular,AR14.N1,Rash papular,10037876,,,
GADAVIST,AR15,rash pruritic,AR15.N1,Rash pruritic,10037884,,,
GADAVIST,AR16,pruritus,AR16.N1,Pruritus,10037087,,,
GADAVIST,AR17,pruritus generalized,AR17.N1,Pruritus generalised,10052576,Pruritus generalized,10037092,
GADAVIST,AR18,erythema,AR18.N1,Erythema,10015150,,,
GADAVIST,AR19,hypersensitivity,AR19.N1,Hypersensitivity,10020751,,,
GADAVIST,AR20,anaphylactoid,AR20.N1,Anaphylactoid reaction,10002216,,,
GADAVIST,AR21,dyspnea,AR21.N1,Dyspnoea,10013968,Dyspnea,10013963,
GADAVIST,AR22,paresthesia,AR22.N1,Paraesthesia,10033775,Paresthesia,10033987,
GADAVIST,AR23,anaphylactoid reaction,AR23.N1,Anaphylactoid reaction,10002216,,,
GADAVIST,AR24,hypotension,AR24.N1,Hypotension,10021097,,,
GADAVIST,AR25,urticaria,AR25.N1,Urticaria,10046735,,,
GADAVIST,AR26,face edema,AR26.N1,Face oedema,10016029,Face edema,10016025,
GADAVIST,AR27,eyelid edema,AR27.N1,Eyelid oedema,10015993,Eyelid edema,10015985,
GADAVIST,AR28,flushing,AR28.N1,Flushing,10016825,,,
GADAVIST,AR29,loss of consciousness,AR29.N1,Loss of consciousness,10024855,,,
GADAVIST,AR30,convulsion,AR30.N1,Seizure,10039906,Convulsion,10010904,
GADAVIST,AR31,parosmia,AR31.N1,Parosmia,10034018,,,
GADAVIST,AR32,tachycardia,AR32.N1,Tachycardia,10043071,,,
GADAVIST,AR33,palpitation,AR33.N1,Palpitations,10033557,Palpitation,10033556,
GADAVIST,AR34,dry mouth,AR34.N1,Dry mouth,10013781,,,
GADAVIST,AR35,malaise,AR35.N1,Malaise,10025482,,,
GADAVIST,AR36,feeling cold,AR36.N1,Feeling cold,10016326,,,
GADAVIST,AR37,cardiac arrest,AR37.N1,Cardiac arrest,10007515,,,
GADAVIST,AR38,anaphylactic shock,AR38.N1,Anaphylactic shock,10002199,,,
GADAVIST,AR39,circulatory collapse,AR39.N1,Circulatory collapse,10009192,,,
GADAVIST,AR40,respiratory arrest,AR40.N1,Respiratory arrest,10038669,,,
GADAVIST,AR41,pulmonary edema,AR41.N1,Pulmonary oedema,10037423,Pulmonary edema,10037375,
GADAVIST,AR42,bronchospasm,AR42.N1,Bronchospasm,10006482,,,
GADAVIST,AR43,cyanosis,AR43.N1,Cyanosis,10011703,,,
GADAVIST,AR44,oropharyngeal swelling,AR44.N1,Oropharyngeal swelling,10031118,,,
GADAVIST,AR45,laryngeal edema,AR45.N1,Laryngeal oedema,10023845,Laryngeal edema,10023838,
GADAVIST,AR46,blood pressure increased,AR46.N1,Blood pressure increased,10005750,,,
GADAVIST,AR47,chest pain,AR47.N1,Chest pain,10008479,,,
GADAVIST,AR48,angioedema,AR48.N1,Angioedema,10002424,,,
GADAVIST,AR49,conjunctivitis,AR49.N1,Conjunctivitis,10010741,,,
GADAVIST,AR50,hyperhidrosis,AR50.N1,Hyperhidrosis,10020642,,,
GADAVIST,AR51,cough,AR51.N1,Cough,10011224,,,
GADAVIST,AR52,sneezing,AR52.N1,Sneezing,10041232,,,
GADAVIST,AR53,burning sensation,AR53.N1,Burning sensation,10006784,,,
GADAVIST,AR54,pallor,AR54.N1,Pallor,10033546,,,
GADAVIST,AR55,fatal,AR55.N1,Death,10011906,,,
GADAVIST,AR56,fibrosis,AR56.N1,Fibrosis,10016642,,,
GADAVIST,AR57,anaphylactic reactions,AR57.N1,Anaphylactic reaction,10002198,,,
GADAVIST,AR58,cardiovascular manifestations,AR58.N1,Cardiovascular symptom,10075534,,,
GADAVIST,AR59,respiratory manifestations,AR59.N1,Respiratory symptom,10075535,,,
GADAVIST,AR60,cutaneous manifestations,AR60.N1,Cutaneous symptom,10075531,,,
GADAVIST,AR61,death,AR61.N1,Death,10011906,,,
GADAVIST,AR62,administration irritation,AR62.N1,Administration site irritation,10075941,,,
OTEZLA,AR1,diarrhea,AR1.N1,Diarrhoea,10012735,Diarrhea,10012727,
OTEZLA,AR2,nausea,AR2.N1,Nausea,10028813,,,
OTEZLA,AR3,headache,AR3.N1,Headache,10019211,,,
OTEZLA,AR4,upper respiratory tract infection,AR4.N1,Upper respiratory tract infection,10046306,,,
OTEZLA,AR5,tension headache,AR5.N1,Tension headache,10043269,,,
OTEZLA,AR6,gastrointestinal adverse reactions,AR6.N1,Gastrointestinal disorder,10017944,Gastrointestinal symptom NOS,10018011,
OTEZLA,AR7,vomiting,AR7.N1,Vomiting,10047700,,,
OTEZLA,AR8,upper respiratory tractinfection,AR8.N1,Upper respiratory tract infection,10046306,,,
OTEZLA,AR9,nasopharyngitis,AR9.N1,Nasopharyngitis,10028810,,,
OTEZLA,AR10,abdominal pain upper,AR10.N1,Abdominal pain upper,10000087,,,
OTEZLA,AR11,hypersensitivity,AR11.N1,Hypersensitivity,10020751,,,
OTEZLA,AR12,weight decrease,AR12.N1,Weight decreased,10047895,Weight decrease,10047893,
OTEZLA,AR13,frequent bowel movement,AR13.N1,Frequent bowel movements,10017367,,,
OTEZLA,AR14,gastroesophageal reflux disease,AR14.N1,Gastrooesophageal reflux disease,10017885,Gastroesophageal reflux disease,10066874,
OTEZLA,AR15,dyspepsia,AR15.N1,Dyspepsia,10013946,,,
OTEZLA,AR16,decreased appetite,AR16.N1,Decreased appetite,10061428,,,
OTEZLA,AR17,migraine,AR17.N1,Migraine,10027599,,,
OTEZLA,AR18,cough,AR18.N1,Cough,10011224,,,
OTEZLA,AR19,rash,AR19.N1,Rash,10037844,,,
OTEZLA,AR20,abdominal pain,AR20.N1,Abdominal pain,10000081,,,
OTEZLA,AR21,fatigue,AR21.N1,Fatigue,10016256,,,
OTEZLA,AR22,decrease appetite,AR22.N1,Decreased appetite,10061428,,,
OTEZLA,AR23,insomnia,AR23.N1,Insomnia,10022437,,,
OTEZLA,AR24,back pain,AR24.N1,Back pain,10003988,,,
OTEZLA,AR25,frequent bowel movements,AR25.N1,Frequent bowel movements,10017367,,,
OTEZLA,AR26,depression,AR26.N1,Depression,10012378,,,
OTEZLA,AR27,bronchitis,AR27.N1,Bronchitis,10006451,,,
OTEZLA,AR28,tooth abscess,AR28.N1,Tooth abscess,10044016,,,
OTEZLA,AR29,folliculitis,AR29.N1,Folliculitis,10016936,,,
OTEZLA,AR30,sinus headache,AR30.N1,Sinus headache,10040744,,,
OTEZLA,AR31,depressed mood,AR31.N1,Depressed mood,10012374,,,
OTEZLA,AR32,suicidal ideation,AR32.N1,Suicidal ideation,10042458,,,
OTEZLA,AR33,suicidal behavior,AR33.N1,Suicidal behaviour,10065604,Suicidal behavior,10065607,
OTEZLA,AR34,attempted suicide,AR34.N1,Suicide attempt,10042464,Attempted suicide,10003728,
DYSPORT,AR1,distant spread of toxin effect,AR1.N1,,,,,unmapped
DYSPORT,AR2,spread of effects from toxin,AR2.N1,,,,,unmapped
DYSPORT,AR3,dysphagia,AR3.N1,Dysphagia,10013950,,,
DYSPORT,AR4,breathing difficulties,AR4.N1,Dyspnoea,10013968,Difficulty breathing,10012791,
DYSPORT,AR5,intradermal immune reaction,AR5.N1,Dermatitis allergic,10012434,Allergic skin reaction,10001729,
DYSPORT,AR6,muscular weakness,AR6.N1,Muscular weakness,10028372,,,
DYSPORT,AR7,dry mouth,AR7.N1,Dry mouth,10013781,,,
DYSPORT,AR8,injection site discomfort,AR8.N1,Injection site discomfort,10054266,,,
DYSPORT,AR9,fatigue,AR9.N1,Fatigue,10016256,,,
DYSPORT,AR10,headache,AR10.N1,Headache,10019211,,,
DYSPORT,AR11,neck pain,AR11.N1,Neck pain,10028836,,,
DYSPORT,AR12,musculoskeletal pain,AR12.N1,Musculoskeletal pain,10028391,,,
DYSPORT,AR13,dysphonia,AR13.N1,Dysphonia,10013952,,,
DYSPORT,AR14,injection site pain,AR14.N1,Injection site pain,10022086,,,
DYSPORT,AR15,eye disorders,AR15.N1,Eye disorder,10015916,,,
DYSPORT,AR16,nasopharyngitis,AR16.N1,Nasopharyngitis,10028810,,,
DYSPORT,AR17,injection site reaction,AR17.N1,Injection site reaction,10022095,,,
DYSPORT,AR18,upper respiratory tract infection,AR18.N1,Upper respiratory tract infection,10046306,,,
DYSPORT,AR19,eyelid edema,AR19.N1,Eyelid oedema,10015993,Eyelid edema,10015985,
DYSPORT,AR20,eyelid ptosis,AR20.N1,Eyelid ptosis,10015995,,,
DYSPORT,AR21,sinusitis,AR21.N1,Sinusitis,10040753,,,
DYSPORT,AR22,nausea,AR22.N1,Nausea,10028813,,,
DYSPORT,AR23,urinary tract infection,AR23.N1,Urinary tract infection,10046571,,,
DYSPORT,AR24,dizziness,AR24.N1,Dizziness,10013573,,,
DYSPORT,AR25,fall,AR25.N1,Fall,10016173,,,
DYSPORT,AR26,depression,AR26.N1,Depression,10012378,,,
DYSPORT,AR27,blurred vision,AR27.N1,Vision blurred,10047513,Blurred vision,10005886,
DYSPORT,AR28,diplopia,AR28.N1,Diplopia,10013036,,,
DYSPORT,AR29,reduced visual acuity,AR29.N1,Visual acuity reduced,10047531,,,
DYSPORT,AR30,reduced visual accommodation,AR30.N1,Accommodation disorder,10000389,Visual accommodation disturbance of,10047528,
DYSPORT,AR31,injection site reactions,AR31.N1,Injection site reaction,10022095,,,
DYSPORT,AR32,disturbance in attention,AR32.N1,Disturbance in attention,10013496,,,
DYSPORT,AR33,eyelid disorder,AR33.N1,Eyelid disorder,10061130,,,
DYSPORT,AR34,feeling abnormal,AR34.N1,Feeling abnormal,10016322,,,
DYSPORT,AR35,facial paresis,AR35.N1,Facial paresis,10051267,,,
DYSPORT,AR36,dyspnea,AR36.N1,Dyspnoea,10013968,Dyspnea,10013963,
DYSPORT,AR37,muscle atrophy,AR37.N1,Muscle atrophy,10028289,,,
DYSPORT,AR38,increase in mean blood glucose,AR38.N1,Blood glucose increased,10005557,,,
DYSPORT,AR39,reduction in heart rate,AR39.N1,Heart rate decreased,10019301,,,
DYSPORT,AR40,blood present in urine,AR40.N1,Blood urine present,10018870,Blood in urine,10005604,
DYSPORT,AR41,uri,AR41.N1,Upper respiratory tract infection,10046306,,,
DYSPORT,AR42,injection site bruising,AR42.N1,Injection site bruising,10022052,,,
DYSPORT,AR43,injection site numbness,AR43.N1,Injection site hypoaesthesia,10074586,Injection site numbness,10022084,
DYSPORT,AR44,injection site erythema,AR44.N1,Injection site erythema,10022061,,,
DYSPORT,AR45,injection site tenderness,AR45.N1,Injection site pain,10022086,Injection site tenderness,10022102,
DYSPORT,AR46,injection site tingling,AR46.N1,Injection site paraesthesia,10022088,Injection site tingling,10074951,
DYSPORT,AR47,injection site itching,AR47.N1,Injection site pruritus,10022093,Injection site itching,10022080,
DYSPORT,AR48,injection site stinging,AR48.N1,Injection site pain,10022086,Injection site stinging,10058683,
DYSPORT,AR49,injection site warmth,AR49.N1,Injection site warmth,10022112,,,
DYSPORT,AR50,injection site irritation,AR50.N1,Injection site irritation,10022079,,,
DYSPORT,AR51,injection site tightness,AR51.N1,Injection site reaction,10022095,,,
DYSPORT,AR52,injection site swelling,AR52.N1,Injection site swelling,10053425,,,
DYSPORT,AR53,bronchitis,AR53.N1,Bronchitis,10006451,,,
DYSPORT,AR54,influenza,AR54.N1,Influenza,10022000,,,
DYSPORT,AR55,pharyngolaryngeal pain,AR55.N1,Laryngeal pain,10023848,Pharyngolaryngeal pain,10034844,
DYSPORT,AR56,cough,AR56.N1,Cough,10011224,,,
DYSPORT,AR57,contact dermatitis,AR57.N1,Dermatitis contact,10012442,Contact dermatitis,10010790,
DYSPORT,AR58,infection,AR58.N1,Infection,10021789,,,
DYSPORT,AR59,pain in extremity,AR59.N1,Pain in extremity,10033425,,,
DYSPORT,AR60,back pain,AR60.N1,Back pain,10003988,,,
DYSPORT,AR61,convulsion,AR61.N1,Seizure,10039906,Convulsion,10010904,
DYSPORT,AR62,syncope,AR62.N1,Syncope,10042772,,,
DYSPORT,AR63,hypoaesthesia,AR63.N1,Hypoaesthesia,10020937,,,
DYSPORT,AR64,partial seizures,AR64.N1,Partial seizures,10061334,,,
DYSPORT,AR65,asthenia,AR65.N1,Asthenia,10003549,,,
DYSPORT,AR66,injury,AR66.N1,Injury,10022116,,,
DYSPORT,AR67,contusion,AR67.N1,Contusion,10050584,,,
DYSPORT,AR68,diarrhea,AR68.N1,Diarrhoea,10012735,Diarrhea,10012727,
DYSPORT,AR69,constipation,AR69.N1,Constipation,10010774,,,
DYSPORT,AR70,blood triglycerides increased,AR70.N1,Blood triglycerides increased,10005839,,,
DYSPORT,AR71,hypertension,AR71.N1,Hypertension,10020772,,,
DYSPORT,AR72,injection site haemorrhage,AR72.N1,Injection site haemorrhage,10022067,,,
DYSPORT,AR73,injection site haematoma,AR73.N1,Injection site haematoma,10022066,,,
DYSPORT,AR74,gait disturbance,AR74.N1,Gait disturbance,10017577,,,
DYSPORT,AR75,hypertonia,AR75.N1,Hypertonia,10020852,,,
DYSPORT,AR76,sensation of heaviness,AR76.N1,Discomfort,10013082,Sensation of heaviness,10040000,
DYSPORT,AR77,vertigo,AR77.N1,Vertigo,10047340,,,
DYSPORT,AR78,photophobia,AR78.N1,Photophobia,10034960,,,
DYSPORT,AR79,influenza-like illness,AR79.N1,Influenza like illness,10022004,,,
DYSPORT,AR80,amyotrophy,AR80.N1,Amyotrophy,10002027,,,
DYSPORT,AR81,burning sensation,AR81.N1,Burning sensation,10006784,,,
DYSPORT,AR82,hypoesthesia,AR82.N1,Hypoaesthesia,10020937,Hypoesthesia,10020976,
DYSPORT,AR83,erythema,AR83.N1,Erythema,10015150,,,
DYSPORT,AR84,excessive granulation tissue,AR84.N1,Excessive granulation tissue,10063560,,,
DYSPORT,AR85,spread toxin effects,AR85.N1,,,,,unmapped
DYSPORT,AR86,generalized muscle weakness,AR86.N1,Muscular weakness,10028372,Generalized muscle weakness,10062572,
DYSPORT,AR87,ptosis,AR87.N1,Eyelid ptosis,10015995,Ptosis,10037272,
DYSPORT,AR88,dysarthria,AR88.N1,Dysarthria,10013887,,,
DYSPORT,AR89,urinary incontinence,AR89.N1,Urinary incontinence,10046543,,,
DYSPORT,AR90,swallowing difficulties,AR90.N1,Dysphagia,10013950,Swallowing difficult,10042645,
DYSPORT,AR91,death,AR91.N1,Death,10011906,,,
DYSPORT,AR92,respiratory difficulties,AR92.N1,Dyspnoea,10013968,Difficulty breathing,10012791,
DYSPORT,AR93,speech difficulties,AR93.N1,Speech disorder,10041466,,,
DYSPORT,AR94,creutzfeldt-jakob disease,AR94.N1,Creutzfeldt-Jakob disease,10011384,,,
DYSPORT,AR95,cjd,AR95.N1,Creutzfeldt-Jakob disease,10011384,CJD,10009217,
DYSPORT,AR96,toxin effects beyond the site of local injection,AR96.N1,,,,,unmapped
DYSPORT,AR97,spread of toxin effects,AR97.N1,,,,,unmapped
DYSPORT,AR98,spread of toxin effect,AR98.N1,,,,,unmapped
DYSPORT,AR99,deaths,AR99.N1,Death,10011906,,,
DYSPORT,AR100,aspiration,AR100.N1,Aspiration,10003504,,,
DYSPORT,AR101,weaken neck muscles,AR101.N1,Muscular weakness,10028372,Localised muscle weakness,10059002,underspecified
DYSPORT,AR102,loss of breathing capacity,AR102.N1,Total lung capacity decreased,10044100,,,
DYSPORT,AR103,respiratory failure,AR103.N1,Respiratory failure,10038695,,,
DYSPORT,AR104,respiratory compromise,AR104.N1,Respiratory failure,10038695,Respiratory insufficiency,10038701,
DYSPORT,AR105,viral diseases,AR105.N1,Viral infection,10047461,,,HLGT
FIRAZYR,AR1,injection site reactions,AR1.N1,Injection site reaction,10022095,,,
FIRAZYR,AR2,pyrexia,AR2.N1,Pyrexia,10037660,,,
FIRAZYR,AR3,transaminase increase,AR3.N1,Transaminases increased,10054889,,,
FIRAZYR,AR4,dizziness,AR4.N1,Dizziness,10013573,,,
FIRAZYR,AR5,rash,AR5.N1,Rash,10037844,,,
FIRAZYR,AR6,injection site reaction,AR6.N1,Injection site reaction,10022095,,,
FIRAZYR,AR7,transaminase increased,AR7.N1,Transaminases increased,10054889,,,
FIRAZYR,AR8,nausea,AR8.N1,Nausea,10028813,,,
FIRAZYR,AR9,headache,AR9.N1,Headache,10019211,,,
INVOKANA,AR1,hypotension,AR1.N1,Hypotension,10021097,,,
INVOKANA,AR2,impairment in renal function,AR2.N1,Renal impairment,10062237,Impaired renal function,10021523,
INVOKANA,AR3,hyperkalemia,AR3.N1,Hyperkalaemia,10020646,Hyperkalemia,10020647,
INVOKANA,AR4,hypoglycemia,AR4.N1,Hypoglycaemia,10020993,Hypoglycemia,10021005,
INVOKANA,AR5,genital mycotic infections,AR5.N1,Genital infection fungal,10061180,,,
INVOKANA,AR6,hypersensitivity reactions,AR6.N1,Hypersensitivity,10020751,Hypersensitivity reaction,10020756,
INVOKANA,AR7,bone fracture,AR7.N1,Fracture,10017076,Fracture bone,10017077,
INVOKANA,AR8,increases in low-density lipoprotein,AR8.N1,Low density lipoprotein increased,10024910,,,
INVOKANA,AR9,female genital mycotic infections,AR9.N1,Genital infection female,10061977,,,
INVOKANA,AR9,female genital mycotic infections,AR9.N2,Genital infection fungal,10061180,,,
INVOKANA,AR10,urinary tract infection,AR10.N1,Urinary tract infection,10046571,,,
INVOKANA,AR11,increased urination,AR11.N1,Pollakiuria,10036018,Micturition frequency increased,10071065,
INVOKANA,AR12,urinary tract infections,AR12.N1,Urinary tract infection,10046571,,,
INVOKANA,AR13,male genital mycotic infections,AR13.N1,Genital infection male,10062521,,,
INVOKANA,AR13,male genital mycotic infections,AR13.N2,Genital infection fungal,10061180,,,
INVOKANA,AR14,vulvovaginal pruritus,AR14.N1,Vulvovaginal pruritus,10056530,,,
INVOKANA,AR15,thirst,AR15.N1,Thirst,10043458,,,
INVOKANA,AR16,constipation,AR16.N1,Constipation,10010774,,,
INVOKANA,AR17,nausea,AR17.N1,Nausea,10028813,,,
INVOKANA,AR18,abdominal pain,AR18.N1,Abdominal pain,10000081,,,
INVOKANA,AR19,fatigue,AR19.N1,Fatigue,10016256,,,
INVOKANA,AR20,loss of strength,AR20.N1,Asthenia,10003549,Strength loss of,10042174,
INVOKANA,AR21,loss of energy,AR21.N1,Asthenia,10003549,Loss of energy,10024862,
INVOKANA,AR22,asthenia,AR22.N1,Asthenia,10003549,,,
INVOKANA,AR23,pancreatitis acute,AR23.N1,Pancreatitis acute,10033647,,,
INVOKANA,AR24,pancreatitis chronic,AR24.N1,Pancreatitis chronic,10033649,,,
INVOKANA,AR25,hypersensitivity-related adverse reactions,AR25.N1,Hypersensitivity,10020751,,,
INVOKANA,AR26,erythema,AR26.N1,Erythema,10015150,,,
INVOKANA,AR27,rash,AR27.N1,Rash,10037844,,,
INVOKANA,AR28,pruritus,AR28.N1,Pruritus,10037087,,,
INVOKANA,AR29,urticaria,AR29.N1,Urticaria,10046735,,,
INVOKANA,AR30,angioedema,AR30.N1,Angioedema,10002424,,,
INVOKANA,AR31,hypersensitivity,AR31.N1,Hypersensitivity,10020751,,,
INVOKANA,AR32,diffuse rash,AR32.N1,Rash generalised,10037858,Generalized rash,10049201,
INVOKANA,AR33,photosensitivity-related adverse reactions,AR33.N1,Photosensitivity reaction,10034972,,,
INVOKANA,AR34,photosensitivity reaction,AR34.N1,Photosensitivity reaction,10034972,,,
INVOKANA,AR35,polymorphic light eruption,AR35.N1,Polymorphic light eruption,10036087,,,
INVOKANA,AR36,sunburn,AR36.N1,Sunburn,10042496,,,
INVOKANA,AR37,osmotic diuresis,AR37.N1,Polyuria,10036142,Diuresis,10013523,underspecified
INVOKANA,AR38,reductions in intravascular volume,AR38.N1,Hypovolaemia,10021137,Intravascular depletion,10074191,
INVOKANA,AR39,volume depletion-related adverse reactions,AR39.N1,Hypovolaemia,10021137,Volume depletion,10047691,
INVOKANA,AR40,postural dizziness,AR40.N1,Dizziness postural,10013578,,,
INVOKANA,AR41,orthostatic hypotension,AR41.N1,Orthostatic hypotension,10031127,,,
INVOKANA,AR42,syncope,AR42.N1,Syncope,10042772,,,
INVOKANA,AR43,dehydration,AR43.N1,Dehydration,10012174,,,
INVOKANA,AR44,volume depletion-related adverse reaction,AR44.N1,Hypovolaemia,10021137,Volume depletion,10047691,
INVOKANA,AR45,egfr less than 60 ml/min/1.73 m 2,AR45.N1,Glomerular filtration rate decreased,10018358,GFR decreased,10018214,
INVOKANA,AR46,falls,AR46.N1,Fall,10016173,,,
INVOKANA,AR47,increase in serum creatinine,AR47.N1,Blood creatinine increased,10005483,Serum creatinine increased,10040233,
INVOKANA,AR48,fall in estimated gfr,AR48.N1,Glomerular filtration rate decreased,10018358,GFR decreased,10018214,
INVOKANA,AR49,changes in serum creatinine,AR49.N1,Blood creatinine abnormal,10005481,Serum creatinine abnormal,10040231,
INVOKANA,AR50,changes in egfr,AR50.N1,Glomerular filtration rate abnormal,10018356,,,
INVOKANA,AR51,renal function decline,AR51.N1,Renal impairment,10062237,Function kidney decreased,10017474,
INVOKANA,AR52,egfr below 80 ml/min/1.73 m 2,AR52.N1,Glomerular filtration rate decreased,10018358,GFR decreased,10018214,
INVOKANA,AR53,egfr 30% lower than baseline,AR53.N1,Glomerular filtration rate decreased,10018358,GFR decreased,10018214,
INVOKANA,AR54,renal-related adverse reactions,AR54.N1,Renal impairment,10062237,Renal function disorder,10038455,
INVOKANA,AR55,increased blood creatinine,AR55.N1,Blood creatinine increased,10005483,,,
INVOKANA,AR56,decreased glomerular filtration rate,AR56.N1,Glomerular filtration rate decreased,10018358,,,
INVOKANA,AR57,renal impairment,AR57.N1,Renal impairment,10062237,,,
INVOKANA,AR58,acute renal failure,AR58.N1,Acute kidney injury,10069339,Acute renal failure,10001041,
INVOKANA,AR59,renal-related adverse events,AR59.N1,Renal impairment,10062237,Renal function disorder,10038455,
INVOKANA,AR60,vulvovaginal mycotic infection,AR60.N1,Vulvovaginal mycotic infection,10064899,,,
INVOKANA,AR61,vulvovaginal candidiasis,AR61.N1,Vulvovaginal candidiasis,10047784,,,
INVOKANA,AR62,vulvovaginitis,AR62.N1,Vulvovaginitis,10047794,,,
INVOKANA,AR63,females genital mycotic infections,AR63.N1,Genital infection female,10061977,,,
INVOKANA,AR63,females genital mycotic infections,AR63.N2,Genital infection fungal,10061180,,,
INVOKANA,AR64,candidal balanitis,AR64.N1,Balanitis candida,10004074,Candidal balanitis,10007144,
INVOKANA,AR65,balanoposthitis,AR65.N1,Balanoposthitis,10004078,,,
INVOKANA,AR66,males genital mycotic infections,AR66.N1,Genital infection male,10062521,,,
INVOKANA,AR66,males genital mycotic infections,AR66.N2,Genital infection fungal,10061180,,,
INVOKANA,AR67,phimosis,AR67.N1,Phimosis,10034878,,,
INVOKANA,AR68,hypoglycemic events,AR68.N1,Hypoglycaemia,10020993,,,
INVOKANA,AR69,bone fractures,AR69.N1,Fracture,10017076,Fracture bone,10017077,
INVOKANA,AR70,fractures,AR70.N1,Fracture,10017076,,,
INVOKANA,AR71,fractures upper extremities,AR71.N1,Upper limb fracture,10061394,,,
INVOKANA,AR72,increases in serum potassium,AR72.N1,Blood potassium increased,10005725,Serum potassium increased,10040379,
INVOKANA,AR73,increases in potassium,AR73.N1,Blood potassium increased,10005725,Potassium increased,10036450,
INVOKANA,AR74,increases in serum magnesium,AR74.N1,Blood magnesium increased,10005655,Serum magnesium increased,10040337,
INVOKANA,AR75,change in serum magnesium levels,AR75.N1,Blood magnesium abnormal,10005652,Serum magnesium abnormal,10040335,
INVOKANA,AR76,serum magnesium levels increased,AR76.N1,Blood magnesium increased,10005655,Serum magnesium increased,10040337,
INVOKANA,AR77,increases in serum phosphate,AR77.N1,Blood phosphorus increased,10050196,Serum phosphate increased,10040371,
INVOKANA,AR78,change in serum phosphate levels,AR78.N1,Blood phosphorus abnormal,10054823,Serum phosphate abnormal,10040369,
INVOKANA,AR79,serum phosphate levels increased,AR79.N1,Blood phosphorus increased,10050196,Serum phosphate increased,10040371,
INVOKANA,AR80,increases in ldl-c,AR80.N1,Low density lipoprotein increased,10024910,LDL cholesterol increased,10024055,
INVOKANA,AR81,changes in ldl-c,AR81.N1,Low density lipoprotein abnormal,10024901,Low density lipoprotein cholesterol abnormal NOS,10024903,
INVOKANA,AR82,increases in non-hdl-c,AR82.N1,Non-high-density lipoprotein cholesterol increased,10063967,,,
INVOKANA,AR83,changes in non-hdl-c,AR83.N1,,,,,unmapped
INVOKANA,AR84,changes in hemoglobin,AR84.N1,Haemoglobin abnormal,10018879,Hemoglobin abnormal,10019482,
INVOKANA,AR85,hemoglobin above the upper limit of normal,AR85.N1,Haemoglobin increased,10018888,Hemoglobin increased,10055599,
INVOKANA,AR86,declines in bmd at the total hip,AR86.N1,Bone density decreased,10049470,,,underspecified
INVOKANA,AR87,declines in bmd at the lumbar spine,AR87.N1,Bone density decreased,10049470,,,underspecified
INVOKANA,AR88,bmd declines at the femoral neck,AR88.N1,Bone density decreased,10049470,,,underspecified
INVOKANA,AR89,bmd declines at the distal forearm,AR89.N1,Bone density decreased,10049470,,,underspecified
INVOKANA,AR90,increased ldl-c,AR90.N1,Low density lipoprotein increased,10024910,LDL cholesterol increased,10024055,
INVOKANA,AR91,intravascular volume contraction,AR91.N1,Hypovolaemia,10021137,Intravascular depletion,10074191,
INVOKANA,AR92,symptomatic hypotension,AR92.N1,Hypotension,10021097,Hypotension symptomatic,10021105,
INVOKANA,AR93,increases serum creatinine,AR93.N1,Blood creatinine increased,10005483,Serum creatinine increased,10040233,
INVOKANA,AR94,decreases egfr,AR94.N1,Glomerular filtration rate decreased,10018358,GFR decreased,10018214,
INVOKANA,AR95,renal function abnormalities,AR95.N1,Renal impairment,10062237,Renal function abnormal,10038451,
INVOKANA,AR96,generalized urticaria,AR96.N1,Urticaria,10046735,Generalized urticaria,10049198,
XTANDI,AR1,seizure,AR1.N1,Seizure,10039906,,,
XTANDI,AR2,asthenia,AR2.N1,Asthenia,10003549,,,
XTANDI,AR3,fatigue,AR3.N1,Fatigue,10016256,,,
XTANDI,AR4,back pain,AR4.N1,Back pain,10003988,,,
XTANDI,AR5,decreased appetite,AR5.N1,Decreased appetite,10061428,,,
XTANDI,AR6,constipation,AR6.N1,Constipation,10010774,,,
XTANDI,AR7,arthralgia,AR7.N1,Arthralgia,10003239,,,
XTANDI,AR8,diarrhea,AR8.N1,Diarrhoea,10012735,Diarrhea,10012727,
XTANDI,AR9,hot flush,AR9.N1,Hot flush,10060800,,,
XTANDI,AR10,upper respiratory tract infection,AR10.N1,Upper respiratory tract infection,10046306,,,
XTANDI,AR11,peripheral edema,AR11.N1,Oedema peripheral,10030124,Peripheral edema,10034570,
XTANDI,AR12,dyspnea,AR12.N1,Dyspnoea,10013968,Dyspnea,10013963,
XTANDI,AR13,musculoskeletal pain,AR13.N1,Musculoskeletal pain,10028391,,,
XTANDI,AR14,weight decreased,AR14.N1,Weight decreased,10047895,,,
XTANDI,AR15,headache,AR15.N1,Headache,10019211,,,
XTANDI,AR16,hypertension,AR16.N1,Hypertension,10020772,,,
XTANDI,AR17,dizziness,AR17.N1,Dizziness,10013573,,,
XTANDI,AR18,vertigo,AR18.N1,Vertigo,10047340,,,
XTANDI,AR19,asthenic conditions,AR19.N1,Asthenic conditions,10003550,,,HLT
XTANDI,AR20,muscular weakness,AR20.N1,Muscular weakness,10028372,,,
XTANDI,AR21,musculoskeletal stiffness,AR21.N1,Musculoskeletal stiffness,10052904,,,
XTANDI,AR22,spinal cord compression,AR22.N1,Spinal cord compression,10041549,,,
XTANDI,AR23,cauda equina syndrome,AR23.N1,Cauda equina syndrome,10007821,,,
XTANDI,AR24,paresthesia,AR24.N1,Paraesthesia,10033775,Paresthesia,10033987,
XTANDI,AR25,mental impairment disorders,AR25.N1,Mental impairment disorders,10057167,,,HLGT
XTANDI,AR26,hypoesthesia,AR26.N1,Hypoaesthesia,10020937,Hypoesthesia,10020976,
XTANDI,AR27,lower respiratory tract infection,AR27.N1,Lower respiratory tract infection,10024968,,,
XTANDI,AR28,lung infection,AR28.N1,Lung infection,10061229,,,
XTANDI,AR29,insomnia,AR29.N1,Insomnia,10022437,,,
XTANDI,AR30,anxiety,AR30.N1,Anxiety,10002855,,,
XTANDI,AR31,hematuria,AR31.N1,Haematuria,10018867,Hematuria,10019450,
XTANDI,AR32,pollakiuria,AR32.N1,Pollakiuria,10036018,,,
XTANDI,AR33,fall,AR33.N1,Fall,10016173,,,
XTANDI,AR34,non-pathologic fractures,AR34.N1,Fracture,10017076,,,
XTANDI,AR35,pruritus,AR35.N1,Pruritus,10037087,,,
XTANDI,AR36,dry skin,AR36.N1,Dry skin,10013786,,,
XTANDI,AR37,epistaxis,AR37.N1,Epistaxis,10015090,,,
XTANDI,AR38,amnesia,AR38.N1,Amnesia,10001949,,,
XTANDI,AR39,memory impairment,AR39.N1,Memory impairment,10027175,,,
XTANDI,AR40,cognitive disorder,AR40.N1,Cognitive disorder,10057668,,,
XTANDI,AR41,disturbance in attention,AR41.N1,Disturbance in attention,10013496,,,
XTANDI,AR42,nasopharyngitis,AR42.N1,Nasopharyngitis,10028810,,,
XTANDI,AR43,sinusitis,AR43.N1,Sinusitis,10040753,,,
XTANDI,AR44,rhinitis,AR44.N1,Rhinitis,10039083,,,
XTANDI,AR45,pharyngitis,AR45.N1,Pharyngitis,10034835,,,
XTANDI,AR46,laryngitis,AR46.N1,Laryngitis,10023874,,,
XTANDI,AR47,pneumonia,AR47.N1,Pneumonia,10035664,,,
XTANDI,AR48,bronchitis,AR48.N1,Bronchitis,10006451,,,
XTANDI,AR49,dysgeusia,AR49.N1,Dysgeusia,10013911,,,
XTANDI,AR50,restless legs syndrome,AR50.N1,Restless legs syndrome,10058920,,,
XTANDI,AR51,dyspneae,AR51.N1,Dyspnoea,10013968,Dyspnea,10013963,
XTANDI,AR52,non-pathological fracture,AR52.N1,Fracture,10017076,,,
XTANDI,AR53,gynecomastia,AR53.N1,Gynaecomastia,10018800,Gynecomastia,10018801,
XTANDI,AR54,exertional dyspnea,AR54.N1,Dyspnoea exertional,10013971,Exertional dyspnea,10055548,
XTANDI,AR55,dyspnea at rest,AR55.N1,Dyspnoea at rest,10013969,,,
XTANDI,AR56,neutropenia,AR56.N1,Neutropenia,10029354,,,
XTANDI,AR57,thrombocytopenia,AR57.N1,Thrombocytopenia,10043554,,,
XTANDI,AR58,elevations in alt,AR58.N1,Alanine aminotransferase increased,10001551,ALT increased,10001845,
XTANDI,AR59,elevations in bilirubin,AR59.N1,Blood bilirubin increased,10005364,Bilirubin elevated,10004688,
XTANDI,AR60,died,AR60.N1,Death,10011906,,,
XTANDI,AR61,infections,AR61.N1,Infection,10021789,,,
XTANDI,AR62,sepsis,AR62.N1,Sepsis,10040047,,,
XTANDI,AR63,infection,AR63.N1,Infection,10021789,,,
XTANDI,AR64,death,AR64.N1,Death,10011906,,,
XTANDI,AR65,falls,AR65.N1,Fall,10016173,,,
XTANDI,AR66,fall-related injuries,AR66.N1,Fall,10016173,,,
XTANDI,AR67,joint injuries,AR67.N1,Joint injury,10060820,,,
XTANDI,AR68,hematomas,AR68.N1,Haematoma,10018852,Hematoma,10019428,
AFINITOR,AR1,non-infectious pneumonitis,AR1.N1,Pneumonitis,10035742,,,
AFINITOR,AR2,infections,AR2.N1,Infection,10021789,,,
AFINITOR,AR3,angioedema,AR3.N1,Angioedema,10002424,,,
AFINITOR,AR4,oral ulceration,AR4.N1,Mouth ulceration,10028034,Oral ulceration,10031027,
AFINITOR,AR5,renal failure,AR5.N1,Renal failure,10038435,,,
AFINITOR,AR6,impaired wound healing,AR6.N1,Impaired healing,10021519,Wound healing disturbance of,10048037,
AFINITOR,AR7,stomatitis,AR7.N1,Stomatitis,10042128,,,
AFINITOR,AR8,rash,AR8.N1,Rash,10037844,,,
AFINITOR,AR9,fatigue,AR9.N1,Fatigue,10016256,,,
AFINITOR,AR10,diarrhea,AR10.N1,Diarrhoea,10012735,Diarrhea,10012727,
AFINITOR,AR11,edema,AR11.N1,Oedema,10030095,Edema,10014210,
AFINITOR,AR12,abdominal pain,AR12.N1,Abdominal pain,10000081,,,
AFINITOR,AR13,nausea,AR13.N1,Nausea,10028813,,,
AFINITOR,AR14,fever,AR14.N1,Pyrexia,10037660,Fever,10016558,
AFINITOR,AR15,asthenia,AR15.N1,Asthenia,10003549,,,
AFINITOR,AR16,cough,AR16.N1,Cough,10011224,,,
AFINITOR,AR17,headache,AR17.N1,Headache,10019211,,,
AFINITOR,AR18,decreased appetite,AR18.N1,Decreased appetite,10061428,,,
AFINITOR,AR19,respiratory tract infection,AR19.N1,Respiratory tract infection,10062352,,,
AFINITOR,AR20,hyperglycemia,AR20.N1,Hyperglycaemia,10020635,Hyperglycemia,10020639,
AFINITOR,AR21,dyspnea,AR21.N1,Dyspnoea,10013968,Dyspnea,10013963,
AFINITOR,AR22,pneumonitis,AR22.N1,Pneumonitis,10035742,,,
AFINITOR,AR23,hypercholesterolemia,AR23.N1,Hypercholesterolaemia,10020603,Hypercholesterolemia,10020604,
AFINITOR,AR24,increased aspartate transaminase,AR24.N1,Aspartate aminotransferase increased,10003481,,,
AFINITOR,AR25,increased ast,AR25.N1,Aspartate aminotransferase increased,10003481,AST increased,10003544,
AFINITOR,AR26,anemia,AR26.N1,Anaemia,10002034,Anemia,10002272,
AFINITOR,AR27,leukopenia,AR27.N1,Leukopenia,10024384,,,
AFINITOR,AR28,thrombocytopenia,AR28.N1,Thrombocytopenia,10043554,,,
AFINITOR,AR29,lymphopenia,AR29.N1,Lymphopenia,10025327,,,
AFINITOR,AR30,increased alanine transaminase,AR30.N1,Alanine aminotransferase increased,10001551,,,
AFINITOR,AR31,increased alt,AR31.N1,Alanine aminotransferase increased,10001551,ALT increased,10001845,
AFINITOR,AR32,hypertriglyceridemia,AR32.N1,Hypertriglyceridaemia,10020869,Hypertriglyceridemia,10020870,
AFINITOR,AR33,decreased potassium,AR33.N1,Blood potassium decreased,10005724,Potassium decreased,10036443,
AFINITOR,AR34,fatal,AR34.N1,Death,10011906,,,
AFINITOR,AR35,mouth ulceration,AR35.N1,Mouth ulceration,10028034,,,
AFINITOR,AR36,aphthous stomatitis,AR36.N1,Aphthous ulcer,10002959,Aphthous stomatitis,10002958,
AFINITOR,AR37,glossodynia,AR37.N1,Glossodynia,10018388,,,
AFINITOR,AR38,gingival pain,AR38.N1,Gingival pain,10018286,,,
AFINITOR,AR39,glossitis,AR39.N1,Glossitis,10018386,,,
AFINITOR,AR40,lip ulceration,AR40.N1,Lip ulceration,10024572,,,
AFINITOR,AR41,nasopharyngitis,AR41.N1,Nasopharyngitis,10028810,,,
AFINITOR,AR42,urinary tract infection,AR42.N1,Urinary tract infection,10046571,,,
AFINITOR,AR43,upper respiratory tract infection,AR43.N1,Upper respiratory tract infection,10046306,,,
AFINITOR,AR44,pneumonia,AR44.N1,Pneumonia,10035664,,,
AFINITOR,AR45,bronchitis,AR45.N1,Bronchitis,10006451,,,
AFINITOR,AR46,cystitis,AR46.N1,Cystitis,10011781,,,
AFINITOR,AR47,sinusitis,AR47.N1,Sinusitis,10040753,,,
AFINITOR,AR48,candidiasis,AR48.N1,Candida infection,10074170,Candidiasis,10007152,
AFINITOR,AR49,sepsis,AR49.N1,Sepsis,10040047,,,
AFINITOR,AR50,hepatitis c,AR50.N1,Hepatitis C,10019744,,,
AFINITOR,AR51,interstitial lung disease,AR51.N1,Interstitial lung disease,10022611,,,
AFINITOR,AR52,lung infiltration,AR52.N1,Lung infiltration,10025102,,,
AFINITOR,AR53,pulmonary fibrosis,AR53.N1,Pulmonary fibrosis,10037383,,,
AFINITOR,AR54,vomiting,AR54.N1,Vomiting,10047700,,,
AFINITOR,AR55,constipation,AR55.N1,Constipation,10010774,,,
AFINITOR,AR56,dry mouth,AR56.N1,Dry mouth,10013781,,,
AFINITOR,AR57,edema peripheral,AR57.N1,Oedema peripheral,10030124,Edema peripheral,10014251,
AFINITOR,AR58,pyrexia,AR58.N1,Pyrexia,10037660,,,
AFINITOR,AR59,weight decreased,AR59.N1,Weight decreased,10047895,,,
AFINITOR,AR60,arthralgia,AR60.N1,Arthralgia,10003239,,,
AFINITOR,AR61,back pain,AR61.N1,Back pain,10003988,,,
AFINITOR,AR62,pain in extremity,AR62.N1,Pain in extremity,10033425,,,
AFINITOR,AR63,dysgeusia,AR63.N1,Dysgeusia,10013911,,,
AFINITOR,AR64,insomnia,AR64.N1,Insomnia,10022437,,,
AFINITOR,AR65,epistaxis,AR65.N1,Epistaxis,10015090,,,
AFINITOR,AR66,pruritus,AR66.N1,Pruritus,10037087,,,
AFINITOR,AR67,alopecia,AR67.N1,Alopecia,10001760,,,
AFINITOR,AR68,hot flush,AR68.N1,Hot flush,10060800,,,
AFINITOR,AR69,neutropenia,AR69.N1,Neutropenia,10029354,,,
AFINITOR,AR70,pancytopenia,AR70.N1,Pancytopenia,10033661,,,
AFINITOR,AR71,hemoglobin decreased,AR71.N1,Haemoglobin decreased,10018884,Hemoglobin decreased,10019483,
AFINITOR,AR72,wbc decreased,AR72.N1,White blood cell count decreased,10047942,WBC decreased,10056731,
AFINITOR,AR73,platelets decreased,AR73.N1,Platelet count decreased,10035528,Platelets decreased,10035545,
AFINITOR,AR74,lymphocytes decreased,AR74.N1,Lymphocyte count decreased,10025256,,,
AFINITOR,AR75,neutrophils decreased,AR75.N1,Neutrophil count decreased,10029366,,,
AFINITOR,AR76,glucose increased,AR76.N1,Blood glucose increased,10005557,Glucose increased,10018421,
AFINITOR,AR77,cholesterol increased,AR77.N1,Blood cholesterol increased,10005425,Cholesterol levels raised,10008663,
AFINITOR,AR78,aspartate transaminase increased,AR78.N1,Aspartate aminotransferase increased,10003481,,,
AFINITOR,AR79,ast increased,AR79.N1,Aspartate aminotransferase increased,10003481,AST increased,10003544,
AFINITOR,AR80,alanine transaminase increased,AR80.N1,Alanine aminotransferase increased,10001551,,,
AFINITOR,AR81,alt increased,AR81.N1,Alanine aminotransferase increased,10001551,ALT increased,10001845,
AFINITOR,AR82,triglycerides increased,AR82.N1,Blood triglycerides increased,10005839,Triglycerides high,10052373,
AFINITOR,AR83,albumin decreased,AR83.N1,Blood albumin decreased,10005287,Albumin decreased,10001561,
AFINITOR,AR84,potassium decreased,AR84.N1,Blood potassium decreased,10005724,Potassium decreased,10036443,
AFINITOR,AR85,creatinine increased,AR85.N1,Blood creatinine increased,10005483,Creatinine increased,10011368,
AFINITOR,AR86,decreased hemoglobin,AR86.N1,Haemoglobin decreased,10018884,Decreased hemoglobin,10011964,
AFINITOR,AR87,alkaline phosphatase increased,AR87.N1,Blood alkaline phosphatase increased,10059570,Alkaline phosphatase increased,10001675,
AFINITOR,AR88,bicarbonate decreased,AR88.N1,Blood bicarbonate decreased,10005359,,,
AFINITOR,AR89,hypophosphatemia,AR89.N1,Hypophosphataemia,10021058,Hypophosphatemia,10021059,
AFINITOR,AR90,increased alkaline phosphatase,AR90.N1,Blood alkaline phosphatase increased,10059570,Alkaline phosphatase increased,10001675,
AFINITOR,AR91,deaths,AR91.N1,Death,10011906,,,
AFINITOR,AR92,death,AR92.N1,Death,10011906,,,
AFINITOR,AR93,acute renal failure,AR93.N1,Acute kidney injury,10069339,Acute renal failure,10001041,
AFINITOR,AR94,acute respiratory distress,AR94.N1,Acute respiratory distress syndrome,10001052,,,
AFINITOR,AR95,cardiac arrest,AR95.N1,Cardiac arrest,10007515,,,
AFINITOR,AR96,hepatic failure,AR96.N1,Hepatic failure,10019663,,,
AFINITOR,AR97,hypoglycemia,AR97.N1,Hypoglycaemia,10020993,Hypoglycemia,10021005,
AFINITOR,AR98,myocardial infarction,AR98.N1,Myocardial infarction,10028596,,,
AFINITOR,AR99,congestive heart failure,AR99.N1,Cardiac failure congestive,10007559,Congestive heart failure,10010684,
AFINITOR,AR100,sudden death,AR100.N1,Sudden death,10042434,,,
AFINITOR,AR101,thrombotic events,AR101.N1,Thrombosis,10043607,,,
AFINITOR,AR102,pulmonary embolus,AR102.N1,Pulmonary embolism,10037377,Pulmonary embolus,10037380,
AFINITOR,AR103,thrombosis,AR103.N1,Thrombosis,10043607,,,
AFINITOR,AR104,gingival swelling,AR104.N1,Gingival swelling,10018291,,,
AFINITOR,AR105,gingival ulceration,AR105.N1,Gingival ulceration,10049398,,,
AFINITOR,AR106,tongue ulceration,AR106.N1,Tongue ulceration,10043991,,,
AFINITOR,AR107,mucosal inflammation,AR107.N1,Mucosal inflammation,10028116,,,
AFINITOR,AR108,enteritis,AR108.N1,Enteritis,10014866,,,
AFINITOR,AR109,enterocolitis,AR109.N1,Enterocolitis,10014893,,,
AFINITOR,AR110,colitis,AR110.N1,Colitis,10009887,,,
AFINITOR,AR111,defecation urgency,AR111.N1,Defaecation urgency,10012110,Defecation urgency,10012114,
AFINITOR,AR112,steatorrhea,AR112.N1,Steatorrhoea,10041969,Steatorrhea,10041968,
AFINITOR,AR113,restrictive pulmonary disease,AR113.N1,Restrictive pulmonary disease,10048667,,,
AFINITOR,AR114,malaise,AR114.N1,Malaise,10025482,,,
AFINITOR,AR115,edema general,AR115.N1,Generalised oedema,10018092,Edema generalized,10014223,
AFINITOR,AR116,rhinitis,AR116.N1,Rhinitis,10039083,,,
AFINITOR,AR117,uri,AR117.N1,Upper respiratory tract infection,10046306,,,
AFINITOR,AR118,diabetes mellitus,AR118.N1,Diabetes mellitus,10012601,,,
AFINITOR,AR119,muscle spasms,AR119.N1,Muscle spasms,10028334,,,
AFINITOR,AR120,migraine,AR120.N1,Migraine,10027599,,,
AFINITOR,AR121,dizziness,AR121.N1,Dizziness,10013573,,,
AFINITOR,AR122,productive cough,AR122.N1,Productive cough,10036790,,,
AFINITOR,AR123,dyspnea exertional,AR123.N1,Dyspnoea exertional,10013971,Dyspnea exertional,10013966,
AFINITOR,AR124,oropharyngeal pain,AR124.N1,Oropharyngeal pain,10068319,,,
AFINITOR,AR125,nail disorders,AR125.N1,Nail disorder,10028694,,,
AFINITOR,AR126,pruritus generalized,AR126.N1,Pruritus generalised,10052576,Pruritus generalized,10037092,
AFINITOR,AR127,dry skin,AR127.N1,Dry skin,10013786,,,
AFINITOR,AR128,xeroderma,AR128.N1,Xeroderma,10048218,,,
AFINITOR,AR129,hypertension,AR129.N1,Hypertension,10020772,,,
AFINITOR,AR130,irregular menstruation,AR130.N1,Menstruation irregular,10027339,Irregular menstruation,10022992,
AFINITOR,AR131,glucose (fasting) increased,AR131.N1,Blood glucose increased,10005557,Fasting blood glucose increased,10050786,underspecified
AFINITOR,AR132,phosphate decreased,AR132.N1,Blood phosphorus decreased,10049471,Phosphate decreased,10034930,
AFINITOR,AR133,calcium decreased,AR133.N1,Blood calcium decreased,10005395,Calcium decreased,10006954,
AFINITOR,AR134,sodium decreased,AR134.N1,Blood sodium decreased,10005802,Sodium decreased,10041268,
AFINITOR,AR135,bilirubin increased,AR135.N1,Blood bilirubin increased,10005364,Bilirubin increased,10004690,
AFINITOR,AR136,potassium increased,AR136.N1,Blood potassium increased,10005725,Potassium increased,10036450,
AFINITOR,AR137,dehydration,AR137.N1,Dehydration,10012174,,,
AFINITOR,AR138,increased creatinine,AR138.N1,Blood creatinine increased,10005483,Creatinine increased,10011368,
AFINITOR,AR139,acute respiratory failure,AR139.N1,Acute respiratory failure,10001053,,,
AFINITOR,AR140,infection,AR140.N1,Infection,10021789,,,
AFINITOR,AR141,aspergillosis,AR141.N1,Aspergillus infection,10074171,Aspergillosis,10003488,
AFINITOR,AR142,pulmonary alveolar hemorrhage,AR142.N1,Pulmonary alveolar haemorrhage,10037313,Pulmonary alveolar hemorrhage,10037314,
AFINITOR,AR143,pulmonary toxicity,AR143.N1,Pulmonary toxicity,10061924,,,
AFINITOR,AR144,alveolitis,AR144.N1,Alveolitis,10001889,,,
AFINITOR,AR145,anorexia,AR145.N1,Decreased appetite,10061428,Anorexia,10002646,
AFINITOR,AR146,hemorrhoids,AR146.N1,Haemorrhoids,10019022,Hemorrhoids,10019611,
AFINITOR,AR147,dysphagia,AR147.N1,Dysphagia,10013950,,,
AFINITOR,AR148,chest pain,AR148.N1,Chest pain,10008479,,,
AFINITOR,AR149,chills,AR149.N1,Chills,10008531,,,
AFINITOR,AR150,pleural effusion,AR150.N1,Pleural effusion,10035598,,,
AFINITOR,AR151,pharyngolaryngeal pain,AR151.N1,Laryngeal pain,10023848,Pharyngolaryngeal pain,10034844,
AFINITOR,AR152,rhinorrhea,AR152.N1,Rhinorrhoea,10039101,Rhinorrhea,10039100,
AFINITOR,AR153,hand-foot syndrome,AR153.N1,Palmar-plantar erythrodysaesthesia syndrome,10033553,Hand and foot syndrome,10019111,
AFINITOR,AR154,palmar-plantar erythrodysesthesia syndrome,AR154.N1,Palmar-plantar erythrodysaesthesia syndrome,10033553,Palmar-plantar erythrodysesthesia syndrome,10054524,
AFINITOR,AR155,nail disorder,AR155.N1,Nail disorder,10028694,,,
AFINITOR,AR156,erythema,AR156.N1,Erythema,10015150,,,
AFINITOR,AR157,onychoclasis,AR157.N1,Onychoclasis,10048886,,,
AFINITOR,AR158,skin lesion,AR158.N1,Skin lesion,10040882,,,
AFINITOR,AR159,acneiform dermatitis,AR159.N1,Dermatitis acneiform,10012432,Acneiform dermatitis,10000520,
AFINITOR,AR160,exacerbation diabetes mellitus,AR160.N1,Diabetes mellitus,10012601,,,
AFINITOR,AR161,new onset of diabetes mellitus,AR161.N1,Diabetes mellitus,10012601,,,
AFINITOR,AR162,paresthesia,AR162.N1,Paraesthesia,10033775,Paresthesia,10033987,
AFINITOR,AR163,eyelid edema,AR163.N1,Eyelid oedema,10015993,Eyelid edema,10015985,
AFINITOR,AR164,conjunctivitis,AR164.N1,Conjunctivitis,10010741,,,
AFINITOR,AR165,deep vein thrombosis,AR165.N1,Deep vein thrombosis,10051055,,,
AFINITOR,AR166,tachycardia,AR166.N1,Tachycardia,10043071,,,
AFINITOR,AR167,congestive cardiac failure,AR167.N1,Cardiac failure congestive,10007559,Congestive cardiac failure,10010682,
AFINITOR,AR168,jaw pain,AR168.N1,Pain in jaw,10033433,Jaw pain,10023157,
AFINITOR,AR169,hemorrhage,AR169.N1,Haemorrhage,10055798,Hemorrhage,10019524,
AFINITOR,AR170,amenorrhea,AR170.N1,Amenorrhoea,10001928,Amenorrhea,10001927,
AFINITOR,AR171,hypersensitivity,AR171.N1,Hypersensitivity,10020751,,,
AFINITOR,AR172,bronchospasm,AR172.N1,Bronchospasm,10006482,,,
AFINITOR,AR173,convulsion,AR173.N1,Seizure,10039906,Convulsion,10010904,
AFINITOR,AR174,peripheral edema,AR174.N1,Oedema peripheral,10030124,Peripheral edema,10034570,
AFINITOR,AR175,acne,AR175.N1,Acne,10000496,,,
AFINITOR,AR176,menorrhagia,AR176.N1,Menorrhagia,10027313,,,
AFINITOR,AR177,menstrual irregularities,AR177.N1,Menstruation irregular,10027339,,,
AFINITOR,AR178,vaginal hemorrhage,AR178.N1,Vaginal haemorrhage,10046910,Vaginal hemorrhage,10046912,
AFINITOR,AR179,otitis media,AR179.N1,Otitis media,10033078,,,
AFINITOR,AR180,depression,AR180.N1,Depression,10012378,,,
AFINITOR,AR181,abnormal taste,AR181.N1,Dysgeusia,10013911,Taste abnormality,10043123,
AFINITOR,AR182,increased blood luteinizing hormone levels,AR182.N1,Blood luteinising hormone increased,10005649,,,
AFINITOR,AR183,increased blood lh levels,AR183.N1,Blood luteinising hormone increased,10005649,,,
AFINITOR,AR184,increased blood follicle stimulating hormone levels,AR184.N1,Blood follicle stimulating hormone increased,10005534,,,
AFINITOR,AR185,increased blood fsh levels,AR185.N1,Blood follicle stimulating hormone increased,10005534,FSH increased,10017403,
AFINITOR,AR186,ovarian cyst,AR186.N1,Ovarian cyst,10033132,,,
AFINITOR,AR187,leucopenia,AR187.N1,Leukopenia,10024384,Leucopenia,10024283,
AFINITOR,AR188,elevated aspartate transaminase,AR188.N1,Aspartate aminotransferase increased,10003481,,,
AFINITOR,AR189,elevated ast,AR189.N1,Aspartate aminotransferase increased,10003481,AST increased,10003544,
AFINITOR,AR190,elevated alanine transaminase,AR190.N1,Alanine aminotransferase increased,10001551,,,
AFINITOR,AR191,elevated alt,AR191.N1,Alanine aminotransferase increased,10001551,ALT increased,10001845,
AFINITOR,AR192,fasting hyperglycemia,AR192.N1,Hyperglycaemia,10020635,Fasting hyperglycemia,10068938,
AFINITOR,AR193,gastroenteritis,AR193.N1,Gastroenteritis,10017888,,,
AFINITOR,AR194,aggression,AR194.N1,Aggression,10001488,,,
AFINITOR,AR195,agitation,AR195.N1,Agitation,10001497,,,
AFINITOR,AR196,elevated partial thromboplastin time,AR196.N1,Activated partial thromboplastin time prolonged,10000636,Partial thromboplastin time prolonged,10034094,
AFINITOR,AR197,respiratory tract infection viral,AR197.N1,Respiratory tract infection viral,10062106,,,
AFINITOR,AR198,gastroenteritis viral,AR198.N1,Gastroenteritis viral,10017918,,,
AFINITOR,AR199,gastrointestinal infection,AR199.N1,Gastrointestinal infection,10017964,,,
AFINITOR,AR200,anxiety,AR200.N1,Anxiety,10002855,,,
AFINITOR,AR201,panic attack,AR201.N1,Panic attack,10033664,,,
AFINITOR,AR202,abnormal behavior,AR202.N1,Abnormal behaviour,10061422,Behavior abnormal,10004203,
AFINITOR,AR203,obsessive compulsive disorder,AR203.N1,Obsessive-compulsive disorder,10029898,,,
AFINITOR,AR204,rash generalized,AR204.N1,Rash generalised,10037858,Generalized rash,10049201,
AFINITOR,AR205,rash macular,AR205.N1,Rash macular,10037867,,,
AFINITOR,AR206,rash maculo-papular,AR206.N1,Rash maculo-papular,10037868,,,
AFINITOR,AR207,rash papular,AR207.N1,Rash papular,10037876,,,
AFINITOR,AR208,dermatitis allergic,AR208.N1,Dermatitis allergic,10012434,,,
AFINITOR,AR209,urticaria,AR209.N1,Urticaria,10046735,,,
AFINITOR,AR210,behavioral disturbance,AR210.N1,Abnormal behaviour,10061422,Behavior abnormal,10004203,
AFINITOR,AR211,menstrual abnormalities,AR211.N1,Menstrual disorder,10027327,,,
AFINITOR,AR212,dysmenorrhea,AR212.N1,Dysmenorrhoea,10013935,Dysmenorrhea,10013934,
AFINITOR,AR213,metrorrhagia,AR213.N1,Metrorrhagia,10027514,,,
AFINITOR,AR214,unspecified menstrual irregularity,AR214.N1,Menstruation irregular,10027339,Menstrual irregularity,10027333,
AFINITOR,AR215,cellulitis,AR215.N1,Cellulitis,10007882,,,
AFINITOR,AR216,elevated creatinine,AR216.N1,Blood creatinine increased,10005483,Creatinine increased,10011368,
AFINITOR,AR217,acute pancreatitis,AR217.N1,Pancreatitis acute,10033647,Acute pancreatitis,10000971,
AFINITOR,AR218,cholecystitis,AR218.N1,Cholecystitis,10008612,,,
AFINITOR,AR219,cholelithiasis,AR219.N1,Cholelithiasis,10008629,,,
AFINITOR,AR220,arterial thrombotic events,AR220.N1,Arterial thrombosis,10003178,,,
AFINITOR,AR221,reflex sympathetic dystrophy,AR221.N1,Complex regional pain syndrome,10064332,Reflex sympathetic dystrophy,10038249,
AFINITOR,AR222,mouth ulcers,AR222.N1,Mouth ulceration,10028034,Mouth ulcer,10028033,
AFINITOR,AR223,oral mucositis,AR223.N1,Stomatitis,10042128,Mucositis oral,10028130,
AFINITOR,AR224,wound-related complications,AR224.N1,Wound complication,10053692,,,
AFINITOR,AR225,elevations of serum creatinine,AR225.N1,Blood creatinine increased,10005483,Raised serum creatinine,10037825,
AFINITOR,AR226,elevations urinary protein,AR226.N1,Protein urine present,10053123,Urinary protein increased,10046553,
AFINITOR,AR227,elevations blood glucose,AR227.N1,Blood glucose increased,10005557,,,
AFINITOR,AR228,elevations lipids,AR228.N1,Lipids increased,10024592,,,
AFINITOR,AR229,decreases in hemoglobin,AR229.N1,Haemoglobin decreased,10018884,Decreased hemoglobin,10011964,
AFINITOR,AR230,decreases in neutrophils,AR230.N1,Neutrophil count decreased,10029366,,,
AFINITOR,AR231,decreases in platelets,AR231.N1,Platelet count decreased,10035528,Platelets decreased,10035545,
AFINITOR,AR232,embryo-fetal toxicity,AR232.N1,Maternal drugs affecting foetus,10026923,Drug toxicity NEC affecting foetus,10013750,
AFINITOR,AR233,fetal harm,AR233.N1,Foetal damage,10016852,Fetal damage,10054743,
AFINITOR,AR234,bacterial infections,AR234.N1,Bacterial infection,10060945,,,
AFINITOR,AR235,fungal infections,AR235.N1,Fungal infection,10017533,,,
AFINITOR,AR236,viral infections,AR236.N1,Viral infection,10047461,,,
AFINITOR,AR237,protozoal infections,AR237.N1,Infection protozoal,10021859,,,
AFINITOR,AR238,infections with opportunistic pathogens,AR238.N1,Opportunistic infection,10030901,,,
AFINITOR,AR239,mycobacterial infections,AR239.N1,Mycobacterial infection,10062207,,,
AFINITOR,AR240,invasive fungal infections,AR240.N1,Systemic mycosis,10052366,Invasive mycosis,10062642,
AFINITOR,AR241,pneumocystis jiroveci pneumonia,AR241.N1,Pneumocystis jirovecii pneumonia,10073755,Pneumocystis jiroveci pneumonia,10064108,
AFINITOR,AR242,pjp,AR242.N1,Pneumocystis jirovecii pneumonia,10073755,,,
AFINITOR,AR243,reactivation of hepatitis b virus,AR243.N1,Hepatitis B,10019731,Hepatitis B reactivation,10058827,
AFINITOR,AR244,respiratory failure,AR244.N1,Respiratory failure,10038695,,,
AFINITOR,AR245,swelling of the airways,AR245.N1,Respiratory tract oedema,10070774,Airway edema,10070778,
AFINITOR,AR246,swelling of the tongue,AR246.N1,Swollen tongue,10042727,Swelling of tongue,10042706,
AFINITOR,AR247,respiratory impairment,AR247.N1,Lung disorder,10025082,Pulmonary function impairment,10037386,
AFINITOR,AR248,delays wound healing,AR248.N1,Impaired healing,10021519,Wound healing delayed,10048036,
AFINITOR,AR249,wound dehiscence,AR249.N1,Wound dehiscence,10048031,,,
AFINITOR,AR250,wound infection,AR250.N1,Wound infection,10048038,,,
AFINITOR,AR251,incisional hernia,AR251.N1,Incisional hernia,10021619,,,
AFINITOR,AR252,lymphocele,AR252.N1,Lymphocele,10048642,,,
AFINITOR,AR253,seroma,AR253.N1,Seroma,10040102,,,
AFINITOR,AR254,proteinuria,AR254.N1,Proteinuria,10037032,,,
AFINITOR,AR255,hyperlipidemia,AR255.N1,Hyperlipidaemia,10062060,Hyperlipidemia,10020667,
AFINITOR,AR256,decreased lymphocytes,AR256.N1,Lymphocyte count decreased,10025256,,,
AFINITOR,AR257,decreased neutrophils,AR257.N1,Neutrophil count decreased,10029366,,,
AFINITOR,AR258,decreased platelets,AR258.N1,Platelet count decreased,10035528,Platelets decreased,10035545,
AFINITOR,AR259,hepatic impairment,AR259.N1,Liver disorder,10024670,Hepatic impairment,10052254,
ENTEREG,AR1,dyspepsia,AR1.N1,Dyspepsia,10013946,,,
ENTEREG,AR2,myocardial infarction,AR2.N1,Myocardial infarction,10028596,,,
ENTEREG,AR3,myocardial infarctions,AR3.N1,Myocardial infarction,10028596,,,
ENTEREG,AR4,abdominal pain,AR4.N1,Abdominal pain,10000081,,,
ENTEREG,AR5,nausea,AR5.N1,Nausea,10028813,,,
ENTEREG,AR6,vomiting,AR6.N1,Vomiting,10047700,,,
ENTEREG,AR7,diarrhea,AR7.N1,Diarrhoea,10012735,Diarrhea,10012727,
ENTEREG,AR8,increased sensitivity to the gastrointestinal tract,AR8.N1,Gastrointestinal tract irritation,10070840,,,
COARTEM,AR1,headache,AR1.N1,Headache,10019211,,,
COARTEM,AR2,anorexia,AR2.N1,Decreased appetite,10061428,Anorexia,10002646,
COARTEM,AR3,dizziness,AR3.N1,Dizziness,10013573,,,
COARTEM,AR4,asthenia,AR4.N1,Asthenia,10003549,,,
COARTEM,AR5,arthralgia,AR5.N1,Arthralgia,10003239,,,
COARTEM,AR6,myalgia,AR6.N1,Myalgia,10028411,,,
COARTEM,AR7,pyrexia,AR7.N1,Pyrexia,10037660,,,
COARTEM,AR8,cough,AR8.N1,Cough,10011224,,,
COARTEM,AR9,vomiting,AR9.N1,Vomiting,10047700,,,
COARTEM,AR10,hypersensitivity reactions,AR10.N1,Hypersensitivity,10020751,Hypersensitivity reaction,10020756,
COARTEM,AR11,chills,AR11.N1,Chills,10008531,,,
COARTEM,AR12,fatigue,AR12.N1,Fatigue,10016256,,,
COARTEM,AR13,malaise,AR13.N1,Malaise,10025482,,,
COARTEM,AR14,nausea,AR14.N1,Nausea,10028813,,,
COARTEM,AR15,abdominal pain,AR15.N1,Abdominal pain,10000081,,,
COARTEM,AR16,diarrhea,AR16.N1,Diarrhoea,10012735,Diarrhea,10012727,
COARTEM,AR17,sleep disorder,AR17.N1,Sleep disorder,10040984,,,
COARTEM,AR18,insomnia,AR18.N1,Insomnia,10022437,,,
COARTEM,AR19,palpitations,AR19.N1,Palpitations,10033557,,,
COARTEM,AR20,hepatomegaly,AR20.N1,Hepatomegaly,10019842,,,
COARTEM,AR21,splenomegaly,AR21.N1,Splenomegaly,10041660,,,
COARTEM,AR22,anemia,AR22.N1,Anaemia,10002034,Anemia,10002272,
COARTEM,AR23,pruritus,AR23.N1,Pruritus,10037087,,,
COARTEM,AR24,rash,AR24.N1,Rash,10037844,,,
COARTEM,AR25,vertigo,AR25.N1,Vertigo,10047340,,,
COARTEM,AR26,malaria,AR26.N1,Malaria,10025487,,,
COARTEM,AR27,nasopharyngitis,AR27.N1,Nasopharyngitis,10028810,,,
COARTEM,AR28,plasmodium falciparum infection,AR28.N1,Plasmodium falciparum infection,10035500,,,
COARTEM,AR29,rhinitis,AR29.N1,Rhinitis,10039083,,,
COARTEM,AR30,aspartate aminotransferase increased,AR30.N1,Aspartate aminotransferase increased,10003481,,,
COARTEM,AR31,eosinophilia,AR31.N1,Eosinophilia,10014950,,,
COARTEM,AR32,tinnitus,AR32.N1,Tinnitus,10043882,,,
COARTEM,AR33,conjunctivitis,AR33.N1,Conjunctivitis,10010741,,,
COARTEM,AR34,constipation,AR34.N1,Constipation,10010774,,,
COARTEM,AR35,dyspepsia,AR35.N1,Dyspepsia,10013946,,,
COARTEM,AR36,dysphagia,AR36.N1,Dysphagia,10013950,,,
COARTEM,AR37,peptic ulcer,AR37.N1,Peptic ulcer,10034341,,,
COARTEM,AR38,gait disturbance,AR38.N1,Gait disturbance,10017577,,,
COARTEM,AR39,abscess,AR39.N1,Abscess,10000269,,,
COARTEM,AR40,acrodermatitis,AR40.N1,Dermatitis,10012431,Acrodermatitis,10000593,
COARTEM,AR41,bronchitis,AR41.N1,Bronchitis,10006451,,,
COARTEM,AR42,ear infection,AR42.N1,Ear infection,10014011,,,
COARTEM,AR43,gastroenteritis,AR43.N1,Gastroenteritis,10017888,,,
COARTEM,AR44,helminthic infection,AR44.N1,Helminthic infection,10061201,,,
COARTEM,AR45,hookworm infection,AR45.N1,Hookworm infection,10020376,,,
COARTEM,AR46,impetigo,AR46.N1,Impetigo,10021531,,,
COARTEM,AR47,influenza,AR47.N1,Influenza,10022000,,,
COARTEM,AR48,lower respiratory tract infection,AR48.N1,Lower respiratory tract infection,10024968,,,
COARTEM,AR49,oral herpes,AR49.N1,Oral herpes,10067152,,,
COARTEM,AR50,pneumonia,AR50.N1,Pneumonia,10035664,,,
COARTEM,AR51,respiratory tract infection,AR51.N1,Respiratory tract infection,10062352,,,
COARTEM,AR52,subcutaneous abscess,AR52.N1,Subcutaneous abscess,10042343,,,
COARTEM,AR53,upper respiratory tract infection,AR53.N1,Upper respiratory tract infection,10046306,,,
COARTEM,AR54,urinary tract infection,AR54.N1,Urinary tract infection,10046571,,,
COARTEM,AR55,alanine aminotransferase increased,AR55.N1,Alanine aminotransferase increased,10001551,,,
COARTEM,AR56,hematocrit decreased,AR56.N1,Haematocrit decreased,10018838,Hematocrit decreased,10019423,
COARTEM,AR57,lymphocyte morphology abnormal,AR57.N1,Lymphocyte morphology abnormal,10062047,,,
COARTEM,AR58,platelet count decreased,AR58.N1,Platelet count decreased,10035528,,,
COARTEM,AR59,platelet count increased,AR59.N1,Platelet count increased,10051608,,,
COARTEM,AR60,white blood cell count decreased,AR60.N1,White blood cell count decreased,10047942,,,
COARTEM,AR61,white blood cell count increased,AR61.N1,White blood cell count increased,10047943,,,
COARTEM,AR62,hypokalemia,AR62.N1,Hypokalaemia,10021015,Hypokalemia,10021018,
COARTEM,AR63,back pain,AR63.N1,Back pain,10003988,,,
COARTEM,AR64,ataxia,AR64.N1,Ataxia,10003591,,,
COARTEM,AR65,clonus,AR65.N1,Clonus,10009346,,,
COARTEM,AR66,fine motor delay,AR66.N1,Fine motor delay,10066088,,,
COARTEM,AR67,hyperreflexia,AR67.N1,Hyperreflexia,10020745,,,
COARTEM,AR68,hypoesthesia,AR68.N1,Hypoaesthesia,10020937,Hypoesthesia,10020976,
COARTEM,AR69,nystagmus,AR69.N1,Nystagmus,10029864,,,
COARTEM,AR70,tremor,AR70.N1,Tremor,10044565,,,
COARTEM,AR71,agitation,AR71.N1,Agitation,10001497,,,
COARTEM,AR72,mood swings,AR72.N1,Mood swings,10027951,,,
COARTEM,AR73,hematuria,AR73.N1,Haematuria,10018867,Hematuria,10019450,
COARTEM,AR74,proteinuria,AR74.N1,Proteinuria,10037032,,,
COARTEM,AR75,asthma,AR75.N1,Asthma,10003553,,,
COARTEM,AR76,pharyngo-laryngeal pain,AR76.N1,Laryngeal pain,10023848,Pharyngolaryngeal pain,10034844,
COARTEM,AR77,urticaria,AR77.N1,Urticaria,10046735,,,
COARTEM,AR78,anaphylaxis,AR78.N1,Anaphylactic reaction,10002198,Anaphylaxis,10002218,
COARTEM,AR79,angioedema,AR79.N1,Angioedema,10002424,,,
COARTEM,AR80,skin reactions,AR80.N1,Skin reaction,10040914,,,
COARTEM,AR81,bullous eruption,AR81.N1,Dermatitis bullous,10012441,Bullous eruption,10006559,
COARTEM,AR82,prolongation of the qt interval,AR82.N1,Electrocardiogram QT prolonged,10014387,QT interval prolonged,10037703,
COARTEM,AR83,qt prolongation,AR83.N1,Electrocardiogram QT prolonged,10014387,QT prolonged,10037705,
DALVANCE,AR1,nausea,AR1.N1,Nausea,10028813,,,
DALVANCE,AR2,headache,AR2.N1,Headache,10019211,,,
DALVANCE,AR3,diarrhea,AR3.N1,Diarrhoea,10012735,Diarrhea,10012727,
DALVANCE,AR4,vomiting,AR4.N1,Vomiting,10047700,,,
DALVANCE,AR5,rash,AR5.N1,Rash,10037844,,,
DALVANCE,AR6,pruritus,AR6.N1,Pruritus,10037087,,,
DALVANCE,AR7,anemia,AR7.N1,Anaemia,10002034,Anemia,10002272,
DALVANCE,AR8,hemorrhagic anemia,AR8.N1,Haemorrhagic anaemia,10052293,Hemorrhagic anemia,10052294,
DALVANCE,AR9,leucopenia,AR9.N1,Leukopenia,10024384,Leucopenia,10024283,
DALVANCE,AR10,neutropenia,AR10.N1,Neutropenia,10029354,,,
DALVANCE,AR11,thrombocytopenia,AR11.N1,Thrombocytopenia,10043554,,,
DALVANCE,AR12,petechiae,AR12.N1,Petechiae,10034754,,,
DALVANCE,AR13,eosinophilia,AR13.N1,Eosinophilia,10014950,,,
DALVANCE,AR14,thrombocytosis,AR14.N1,Thrombocytosis,10043563,,,
DALVANCE,AR15,gastrointestinal hemorrhage,AR15.N1,Gastrointestinal haemorrhage,10017955,Gastrointestinal hemorrhage,10017960,
DALVANCE,AR16,melena,AR16.N1,Melaena,10027141,Melena,10027162,
DALVANCE,AR17,hematochezia,AR17.N1,Haematochezia,10018836,Hematochezia,10060544,
DALVANCE,AR18,abdominal pain,AR18.N1,Abdominal pain,10000081,,,
DALVANCE,AR19,infusion-related reactions,AR19.N1,Infusion related reaction,10051792,,,
DALVANCE,AR20,hepatotoxicity,AR20.N1,Hepatotoxicity,10019851,,,
DALVANCE,AR21,anaphylactoid reaction,AR21.N1,Anaphylactoid reaction,10002216,,,
DALVANCE,AR22,clostridium difficile colitis,AR22.N1,Clostridium difficile colitis,10009657,,,
DALVANCE,AR23,oral candidiasis,AR23.N1,Oral candidiasis,10030963,,,
DALVANCE,AR24,vulvovaginal mycotic infection,AR24.N1,Vulvovaginal mycotic infection,10064899,,,
DALVANCE,AR25,hepatic transaminases increased,AR25.N1,Transaminases increased,10054889,,,
DALVANCE,AR26,blood alkaline phosphatase increased,AR26.N1,Blood alkaline phosphatase increased,10059570,,,
DALVANCE,AR27,international normalized ratio increased,AR27.N1,International normalised ratio increased,10022595,International normalized ratio increased,10062459,
DALVANCE,AR28,hypoglycemia,AR28.N1,Hypoglycaemia,10020993,Hypoglycemia,10021005,
DALVANCE,AR29,dizziness,AR29.N1,Dizziness,10013573,,,
DALVANCE,AR30,bronchospasm,AR30.N1,Bronchospasm,10006482,,,
DALVANCE,AR31,urticaria,AR31.N1,Urticaria,10046735,,,
DALVANCE,AR32,flushing,AR32.N1,Flushing,10016825,,,
DALVANCE,AR33,phlebitis,AR33.N1,Phlebitis,10034879,,,
DALVANCE,AR34,wound hemorrhage,AR34.N1,Wound haemorrhage,10051373,Wound hemorrhage,10055360,
DALVANCE,AR35,spontaneous hematoma,AR35.N1,Spontaneous haematoma,10065304,Spontaneous hematoma,10065310,
DALVANCE,AR36,alt elevations,AR36.N1,Alanine aminotransferase increased,10001551,ALT increased,10001845,
DALVANCE,AR37,alt values greater than 10 times uln,AR37.N1,Alanine aminotransferase increased,10001551,ALT increased,10001845,
DALVANCE,AR38,hypersensitivity reactions,AR38.N1,Hypersensitivity,10020751,Hypersensitivity reaction,10020756,
DALVANCE,AR39,anaphylactic reactions,AR39.N1,Anaphylactic reaction,10002198,,,
DALVANCE,AR40,skin reactions,AR40.N1,Skin reaction,10040914,,,
DALVANCE,AR41,infusion reactions,AR41.N1,Infusion related reaction,10051792,,,
DALVANCE,AR42,clostridium difficile -associated diarrhea,AR42.N1,Clostridium difficile colitis,10009657,"Diarrhea, Clostridium difficile",10012734,
DALVANCE,AR43,cdad,AR43.N1,Clostridium difficile colitis,10009657,"Diarrhea, Clostridium difficile",10012734,
DALVANCE,AR44,red-man syndrome,AR44.N1,Red man syndrome,10038192,,,
DALVANCE,AR45,flushing of the upper body,AR45.N1,Flushing,10016825,Flushed chest,10016822,
DALVANCE,AR46,alanine aminotransferase elevation,AR46.N1,Alanine aminotransferase increased,10001551,,,
DALVANCE,AR47,alt elevation,AR47.N1,Alanine aminotransferase increased,10001551,ALT increased,10001845,
DALVANCE,AR48,abnormalities in alt,AR48.N1,Alanine aminotransferase abnormal,10001547,,,
DALVANCE,AR49,abnormalities in ast,AR49.N1,Aspartate aminotransferase abnormal,10003477,,,
DALVANCE,AR50,abnormalities in bilirubin,AR50.N1,Blood bilirubin abnormal,10058477,Bilirubin abnormal,10058482,
DALVANCE,AR51,fatal,AR51.N1,Death,10011906,,,
DALVANCE,AR52,colitis,AR52.N1,Colitis,10009887,,,
FERRIPROX,AR1,chromaturia,AR1.N1,Chromaturia,10008796,,,
FERRIPROX,AR2,nausea,AR2.N1,Nausea,10028813,,,
FERRIPROX,AR3,vomiting,AR3.N1,Vomiting,10047700,,,
FERRIPROX,AR4,abdominal pain,AR4.N1,Abdominal pain,10000081,,,
FERRIPROX,AR5,alanine aminotransferase increased,AR5.N1,Alanine aminotransferase increased,10001551,,,
FERRIPROX,AR6,arthralgia,AR6.N1,Arthralgia,10003239,,,
FERRIPROX,AR7,neutropenia,AR7.N1,Neutropenia,10029354,,,
FERRIPROX,AR8,agranulocytosis,AR8.N1,Agranulocytosis,10001507,,,
FERRIPROX,AR9,elevated alt,AR9.N1,Alanine aminotransferase increased,10001551,ALT increased,10001845,
FERRIPROX,AR10,decreased plasma zinc concentrations,AR10.N1,Blood zinc decreased,10005867,Zinc decreased,10048258,
FERRIPROX,AR11,abdominal discomfort,AR11.N1,Abdominal discomfort,10000059,,,
FERRIPROX,AR12,diarrhea,AR12.N1,Diarrhoea,10012735,Diarrhea,10012727,
FERRIPROX,AR13,dyspepsia,AR13.N1,Dyspepsia,10013946,,,
FERRIPROX,AR14,neutrophil count decreased,AR14.N1,Neutrophil count decreased,10029366,,,
FERRIPROX,AR15,weight increased,AR15.N1,Weight increased,10047899,,,
FERRIPROX,AR16,aspartate aminotransferase increased,AR16.N1,Aspartate aminotransferase increased,10003481,,,
FERRIPROX,AR17,increased appetite,AR17.N1,Increased appetite,10021654,,,
FERRIPROX,AR18,decreased appetite,AR18.N1,Decreased appetite,10061428,,,
FERRIPROX,AR19,back pain,AR19.N1,Back pain,10003988,,,
FERRIPROX,AR20,pain in extremity,AR20.N1,Pain in extremity,10033425,,,
FERRIPROX,AR21,arthropathy,AR21.N1,Arthropathy,10003285,,,
FERRIPROX,AR22,headache,AR22.N1,Headache,10019211,,,
FERRIPROX,AR23,thrombocytosis,AR23.N1,Thrombocytosis,10043563,,,
FERRIPROX,AR24,pancytopenia,AR24.N1,Pancytopenia,10033661,,,
FERRIPROX,AR25,atrial fibrillation,AR25.N1,Atrial fibrillation,10003658,,,
FERRIPROX,AR26,cardiac failure,AR26.N1,Cardiac failure,10007554,,,
FERRIPROX,AR27,hypospadias,AR27.N1,Hypospadias,10021093,,,
FERRIPROX,AR28,diplopia,AR28.N1,Diplopia,10013036,,,
FERRIPROX,AR29,papilledema,AR29.N1,Papilloedema,10033712,Papilledema,10033703,
FERRIPROX,AR30,retinal toxicity,AR30.N1,Retinal toxicity,10048955,,,
FERRIPROX,AR31,enterocolitis,AR31.N1,Enterocolitis,10014893,,,
FERRIPROX,AR32,rectal hemorrhage,AR32.N1,Rectal haemorrhage,10038063,Rectal hemorrhage,10038064,
FERRIPROX,AR33,gastric ulcer,AR33.N1,Gastric ulcer,10017822,,,
FERRIPROX,AR34,pancreatitis,AR34.N1,Pancreatitis,10033645,,,
FERRIPROX,AR35,parotid gland enlargement,AR35.N1,Parotid gland enlargement,10034023,,,
FERRIPROX,AR36,chills,AR36.N1,Chills,10008531,,,
FERRIPROX,AR37,pyrexia,AR37.N1,Pyrexia,10037660,,,
FERRIPROX,AR38,edema peripheral,AR38.N1,Oedema peripheral,10030124,Edema peripheral,10014251,
FERRIPROX,AR39,multi-organ failure,AR39.N1,Multi-organ failure,10028154,,,
FERRIPROX,AR40,jaundice,AR40.N1,Jaundice,10023126,,,
FERRIPROX,AR41,hepatomegaly,AR41.N1,Hepatomegaly,10019842,,,
FERRIPROX,AR42,anaphylactic shock,AR42.N1,Anaphylactic shock,10002199,,,
FERRIPROX,AR43,hypersensitivity,AR43.N1,Hypersensitivity,10020751,,,
FERRIPROX,AR44,cryptococcal cutaneous infection,AR44.N1,Cryptococcal cutaneous infection,10054216,,,
FERRIPROX,AR45,enteroviral encephalitis,AR45.N1,Encephalitis enteroviral,10063946,,,
FERRIPROX,AR46,pharyngitis,AR46.N1,Pharyngitis,10034835,,,
FERRIPROX,AR47,pneumonia,AR47.N1,Pneumonia,10035664,,,
FERRIPROX,AR48,sepsis,AR48.N1,Sepsis,10040047,,,
FERRIPROX,AR49,furuncle,AR49.N1,Furuncle,10017553,,,
FERRIPROX,AR50,infectious hepatitis,AR50.N1,Hepatitis infectious,10019780,Infectious hepatitis,10021913,
FERRIPROX,AR51,rash pustular,AR51.N1,Rash pustular,10037888,,,
FERRIPROX,AR52,subcutaneous abscess,AR52.N1,Subcutaneous abscess,10042343,,,
FERRIPROX,AR53,blood bilirubin increased,AR53.N1,Blood bilirubin increased,10005364,,,
FERRIPROX,AR54,blood creatinine phosphokinase increased,AR54.N1,Blood creatine phosphokinase increased,10005470,,,
FERRIPROX,AR55,metabolic acidosis,AR55.N1,Metabolic acidosis,10027417,,,
FERRIPROX,AR56,dehydration,AR56.N1,Dehydration,10012174,,,
FERRIPROX,AR57,myositis,AR57.N1,Myositis,10028653,,,
FERRIPROX,AR58,chondropathy,AR58.N1,Chondropathy,10061762,,,
FERRIPROX,AR59,trismus,AR59.N1,Trismus,10044684,,,
FERRIPROX,AR60,cerebellar syndrome,AR60.N1,Cerebellar syndrome,10008072,,,
FERRIPROX,AR61,cerebral hemorrhage,AR61.N1,Cerebral haemorrhage,10008111,Cerebral hemorrhage,10008114,
FERRIPROX,AR62,convulsion,AR62.N1,Seizure,10039906,Convulsion,10010904,
FERRIPROX,AR63,gait disturbance,AR63.N1,Gait disturbance,10017577,,,
FERRIPROX,AR64,intracranial pressure increased,AR64.N1,Intracranial pressure increased,10022773,,,
FERRIPROX,AR65,psychomotor skills impaired,AR65.N1,Psychomotor skills impaired,10049215,,,
FERRIPROX,AR66,pyramidal tract syndrome,AR66.N1,Pyramidal tract syndrome,10063636,,,
FERRIPROX,AR67,somnolence,AR67.N1,Somnolence,10041349,,,
FERRIPROX,AR68,bruxism,AR68.N1,Bruxism,10006514,,,
FERRIPROX,AR69,depression,AR69.N1,Depression,10012378,,,
FERRIPROX,AR70,obsessive-compulsive disorder,AR70.N1,Obsessive-compulsive disorder,10029898,,,
FERRIPROX,AR71,glycosuria,AR71.N1,Glycosuria,10018473,,,
FERRIPROX,AR72,hemoglobinuria,AR72.N1,Haemoglobinuria,10018906,Hemoglobinuria,10019489,
FERRIPROX,AR73,acute respiratory distress syndrome,AR73.N1,Acute respiratory distress syndrome,10001052,,,
FERRIPROX,AR74,epistaxis,AR74.N1,Epistaxis,10015090,,,
FERRIPROX,AR75,hemoptysis,AR75.N1,Haemoptysis,10018964,Hemoptysis,10019523,
FERRIPROX,AR76,pulmonary embolism,AR76.N1,Pulmonary embolism,10037377,,,
FERRIPROX,AR77,hyperhidrosis,AR77.N1,Hyperhidrosis,10020642,,,
FERRIPROX,AR78,periorbital edema,AR78.N1,Periorbital oedema,10034545,Periorbital edema,10054541,
FERRIPROX,AR79,photosensitivity reaction,AR79.N1,Photosensitivity reaction,10034972,,,
FERRIPROX,AR80,pruritis,AR80.N1,Pruritus,10037087,,,
FERRIPROX,AR81,urticaria,AR81.N1,Urticaria,10046735,,,
FERRIPROX,AR82,rash,AR82.N1,Rash,10037844,,,
FERRIPROX,AR83,henoch-schonlein purpura,AR83.N1,Henoch-Schonlein purpura,10019617,,,
FERRIPROX,AR84,hypotension,AR84.N1,Hypotension,10021097,,,
FERRIPROX,AR85,hypertension,AR85.N1,Hypertension,10020772,,,
FERRIPROX,AR86,infections,AR86.N1,Infection,10021789,,,
FERRIPROX,AR87,death,AR87.N1,Death,10011906,,,
FERRIPROX,AR88,fetal harm,AR88.N1,Foetal damage,10016852,Fetal damage,10054743,
FERRIPROX,AR89,fatal,AR89.N1,Death,10011906,,,
FERRIPROX,AR90,increased alt values,AR90.N1,Alanine aminotransferase increased,10001551,ALT increased,10001845,
FERRIPROX,AR91,increased serum alt,AR91.N1,Alanine aminotransferase increased,10001551,ALT increased,10001845,
FERRIPROX,AR92,increase in alt,AR92.N1,Alanine aminotransferase increased,10001551,ALT increased,10001845,
FERRIPROX,AR93,increase in ast,AR93.N1,Aspartate aminotransferase increased,10003481,AST increased,10003544,
PRADAXA,AR1,bleeding,AR1.N1,Haemorrhage,10055798,Bleeding,10005103,
PRADAXA,AR2,gastritis,AR2.N1,Gastritis,10017853,,,
PRADAXA,AR3,gastrointestinal events,AR3.N1,Gastrointestinal disorder,10017944,Gastrointestinal symptom NOS,10018011,
PRADAXA,AR4,dyspepsia,AR4.N1,Dyspepsia,10013946,,,
PRADAXA,AR5,nausea,AR5.N1,Nausea,10028813,,,
PRADAXA,AR6,upper abdominal pain,AR6.N1,Abdominal pain upper,10000087,Upper abdominal pain,10046272,
PRADAXA,AR7,gastrointestinal hemorrhage,AR7.N1,Gastrointestinal haemorrhage,10017955,Gastrointestinal hemorrhage,10017960,
PRADAXA,AR8,diarrhea,AR8.N1,Diarrhoea,10012735,Diarrhea,10012727,
PRADAXA,AR9,decrease in hemoglobin,AR9.N1,Haemoglobin decreased,10018884,Decreased hemoglobin,10011964,
PRADAXA,AR10,bleeding at a critical site,AR10.N1,Haemorrhage,10055798,Bleeding,10005103,
PRADAXA,AR11,fatal,AR11.N1,Death,10011906,,,
PRADAXA,AR12,intracranial hemorrhage,AR12.N1,Haemorrhage intracranial,10018985,Intracranial hemorrhage,10022763,
PRADAXA,AR13,intracerebral bleeds,AR13.N1,Cerebral haemorrhage,10008111,Cerebral hemorrhage,10008114,
PRADAXA,AR14,hemorrhagic stroke,AR14.N1,Haemorrhagic stroke,10019016,Hemorrhagic stroke,10048863,
PRADAXA,AR15,subarachnoid bleeds,AR15.N1,Subarachnoid haemorrhage,10042316,Subarachnoid bleeding,10071890,
PRADAXA,AR16,subdural bleeds,AR16.N1,Subdural haemorrhage,10042364,Subdural bleeding,10071893,
PRADAXA,AR17,intracranial bleed,AR17.N1,Haemorrhage intracranial,10018985,Bleeding intracranial,10005121,
PRADAXA,AR18,bleed,AR18.N1,Haemorrhage,10055798,Bleeding,10005103,
PRADAXA,AR19,death,AR19.N1,Death,10011906,,,
PRADAXA,AR20,non-intracranial bleed,AR20.N1,Haemorrhage,10055798,Bleeding,10005103,
PRADAXA,AR21,ich,AR21.N1,Haemorrhage intracranial,10018985,Intracranial hemorrhage,10022763,
PRADAXA,AR22,gastrointestinal bleeds,AR22.N1,Gastrointestinal haemorrhage,10017955,Gastrointestinal bleeding,10017936,
PRADAXA,AR23,bleeds,AR23.N1,Haemorrhage,10055798,Bleeding,10005103,
PRADAXA,AR24,gastrointestinal adverse reactions,AR24.N1,Gastrointestinal disorder,10017944,Gastrointestinal symptom NOS,10018011,
PRADAXA,AR25,abdominal pain upper,AR25.N1,Abdominal pain upper,10000087,,,
PRADAXA,AR26,abdominal pain,AR26.N1,Abdominal pain,10000081,,,
PRADAXA,AR27,abdominal discomfort,AR27.N1,Abdominal discomfort,10000059,,,
PRADAXA,AR28,epigastric discomfort,AR28.N1,Epigastric discomfort,10053155,,,
PRADAXA,AR29,gerd,AR29.N1,Gastrooesophageal reflux disease,10017885,GERD,10018203,
PRADAXA,AR30,esophagitis,AR30.N1,Oesophagitis,10030216,Esophagitis,10015461,
PRADAXA,AR31,erosive gastritis,AR31.N1,Gastritis erosive,10017865,,,
PRADAXA,AR32,gastric hemorrhage,AR32.N1,Gastric haemorrhage,10017788,Gastric hemorrhage,10017789,
PRADAXA,AR33,hemorrhagic gastritis,AR33.N1,Gastritis haemorrhagic,10017866,Hemorrhagic gastritis,10019604,
PRADAXA,AR34,hemorrhagic erosive gastritis,AR34.N1,Haemorrhagic erosive gastritis,10067786,Hemorrhagic erosive gastritis,10067798,
PRADAXA,AR35,gastrointestinal ulcer,AR35.N1,Gastrointestinal ulcer,10061459,,,
PRADAXA,AR36,hypersensitivity,AR36.N1,Hypersensitivity,10020751,,,
PRADAXA,AR37,urticaria,AR37.N1,Urticaria,10046735,,,
PRADAXA,AR38,rash,AR38.N1,Rash,10037844,,,
PRADAXA,AR39,pruritus,AR39.N1,Pruritus,10037087,,,
PRADAXA,AR40,allergic edema,AR40.N1,Allergic oedema,10060934,Allergic edema,10054306,
PRADAXA,AR41,anaphylactic reaction,AR41.N1,Anaphylactic reaction,10002198,,,
PRADAXA,AR42,anaphylactic shock,AR42.N1,Anaphylactic shock,10002199,,,
PRADAXA,AR43,symptomatic bleeding in a critical area,AR43.N1,Haemorrhage,10055798,Bleeding,10005103,underspecified
PRADAXA,AR44,symptomatic bleeding in a critical organ,AR44.N1,Haemorrhage,10055798,Bleeding,10005103,underspecified
PRADAXA,AR45,bleeding intraocular,AR45.N1,Eye haemorrhage,10015926,Hemorrhage intraocular,10019553,
PRADAXA,AR46,bleeding intracranial,AR46.N1,Haemorrhage intracranial,10018985,Bleeding intracranial,10005121,
PRADAXA,AR47,bleeding intraspinal,AR47.N1,Spinal cord haemorrhage,10048992,Intraspinal bleeding,10073572,
PRADAXA,AR48,bleeding intramuscular,AR48.N1,Muscle haemorrhage,10028309,Muscle bleeding,10071842,
PRADAXA,AR49,compartment syndrome,AR49.N1,Compartment syndrome,10010121,,,
PRADAXA,AR50,retroperitoneal bleeding,AR50.N1,Retroperitoneal haemorrhage,10038980,Retroperitoneal bleeding,10071878,
PRADAXA,AR51,intra-articular bleeding,AR51.N1,Haemarthrosis,10018829,Intraarticular hemorrhage,10055292,
PRADAXA,AR52,pericardial bleeding,AR52.N1,Pericardial haemorrhage,10034476,Pericardial bleeding,10071860,
PRADAXA,AR53,fall in hemoglobin level,AR53.N1,Haemoglobin decreased,10018884,Decreased hemoglobin,10011964,
PRADAXA,AR54,mbe,AR54.N1,Haemorrhage,10055798,Hemorrhage,10019524,
PRADAXA,AR55,myocardial infarction,AR55.N1,Myocardial infarction,10028596,,,
PRADAXA,AR56,angioedema,AR56.N1,Angioedema,10002424,,,
PRADAXA,AR57,thrombocytopenia,AR57.N1,Thrombocytopenia,10043554,,,
PRADAXA,AR58,esophageal ulcer,AR58.N1,Oesophageal ulcer,10030201,Esophageal ulcer,10015451,
PRADAXA,AR59,spinal hematoma,AR59.N1,Spinal cord haematoma,10076051,Spinal hematoma,10055382,
PRADAXA,AR60,epidural hematoma,AR60.N1,Extradural haematoma,10015769,Epidural hematoma,10015013,
PRADAXA,AR61,epidural hematomas,AR61.N1,Extradural haematoma,10015769,Epidural hematoma,10015013,
PRADAXA,AR62,spinal hematomas,AR62.N1,Spinal cord haematoma,10076051,Spinal hematoma,10055382,
PRADAXA,AR63,hematomas,AR63.N1,Haematoma,10018852,Hematoma,10019428,
PRADAXA,AR64,long-term paralysis,AR64.N1,Paralysis,10033799,Paralysed,10033798,
PRADAXA,AR65,permanent paralysis,AR65.N1,Paralysis,10033799,,,
PRADAXA,AR66,prosthetic heart valve thrombosis,AR66.N1,Cardiac valve replacement complication,10053748,Prosthetic cardiac valve thrombosis,10063176,
PRADAXA,AR67,thromboembolic events,AR67.N1,Embolism,10061169,Thromboembolic event,10043565,
PRADAXA,AR68,thromboembolic stroke,AR68.N1,Embolic stroke,10014498,Thromboembolic stroke,10057613,
PRADAXA,AR69,transient ischemic attack,AR69.N1,Transient ischaemic attack,10044390,Transient ischemic attack,10072760,
PRADAXA,AR70,pericardial effusions,AR70.N1,Pericardial effusion,10034474,,,
VORAXAZE,AR1,allergic reactions,AR1.N1,Hypersensitivity,10020751,Allergic reaction,10001718,
VORAXAZE,AR2,anaphylactic reactions,AR2.N1,Anaphylactic reaction,10002198,,,
VORAXAZE,AR3,paraesthesias,AR3.N1,Paraesthesia,10033775,,,
VORAXAZE,AR4,flushing,AR4.N1,Flushing,10016825,,,
VORAXAZE,AR5,nausea,AR5.N1,Nausea,10028813,,,
VORAXAZE,AR6,vomiting,AR6.N1,Vomiting,10047700,,,
VORAXAZE,AR7,hypotension,AR7.N1,Hypotension,10021097,,,
VORAXAZE,AR8,headache,AR8.N1,Headache,10019211,,,
VORAXAZE,AR9,paraesthesia,AR9.N1,Paraesthesia,10033775,,,
VORAXAZE,AR10,deaths,AR10.N1,Death,10011906,,,
VORAXAZE,AR11,paresthesia,AR11.N1,Paraesthesia,10033775,Paresthesia,10033987,
VORAXAZE,AR12,feeling hot,AR12.N1,Feeling hot,10016334,,,
VORAXAZE,AR13,burning sensation,AR13.N1,Burning sensation,10006784,,,
VORAXAZE,AR14,paresthesias,AR14.N1,Paraesthesia,10033775,Paresthesia,10033987,
VORAXAZE,AR15,blurred vision,AR15.N1,Vision blurred,10047513,Blurred vision,10005886,
VORAXAZE,AR16,diarrhea,AR16.N1,Diarrhoea,10012735,Diarrhea,10012727,
VORAXAZE,AR17,hypersensitivity,AR17.N1,Hypersensitivity,10020751,,,
VORAXAZE,AR18,hypertension,AR18.N1,Hypertension,10020772,,,
VORAXAZE,AR19,rash,AR19.N1,Rash,10037844,,,
VORAXAZE,AR20,throat irritation,AR20.N1,Throat irritation,10043521,,,
VORAXAZE,AR21,throat tightness,AR21.N1,Throat tightness,10043528,,,
VORAXAZE,AR22,tremor,AR22.N1,Tremor,10044565,,,
HORIZANT,AR1,somnolence,AR1.N1,Somnolence,10041349,,,
HORIZANT,AR2,sedation,AR2.N1,Sedation,10039897,,,
HORIZANT,AR3,dizziness,AR3.N1,Dizziness,10013573,,,
HORIZANT,AR4,headache,AR4.N1,Headache,10019211,,,
HORIZANT,AR5,nausea,AR5.N1,Nausea,10028813,,,
HORIZANT,AR6,dry mouth,AR6.N1,Dry mouth,10013781,,,
HORIZANT,AR7,flatulence,AR7.N1,Flatulence,10016766,,,
HORIZANT,AR8,fatigue,AR8.N1,Fatigue,10016256,,,
HORIZANT,AR9,irritability,AR9.N1,Irritability,10022998,,,
HORIZANT,AR10,feeling drunk,AR10.N1,Feeling drunk,10016330,,,
HORIZANT,AR11,feeling abnormal,AR11.N1,Feeling abnormal,10016322,,,
HORIZANT,AR12,peripheral edema,AR12.N1,Oedema peripheral,10030124,Peripheral edema,10034570,
HORIZANT,AR13,weight increased,AR13.N1,Weight increased,10047899,,,
HORIZANT,AR14,increased appetite,AR14.N1,Increased appetite,10021654,,,
HORIZANT,AR15,vertigo,AR15.N1,Vertigo,10047340,,,
HORIZANT,AR16,depression,AR16.N1,Depression,10012378,,,
HORIZANT,AR17,libido decreased,AR17.N1,Libido decreased,10024419,,,
HORIZANT,AR18,balance disorder,AR18.N1,Balance disorder,10049848,,,
HORIZANT,AR19,blurred vision,AR19.N1,Vision blurred,10047513,Blurred vision,10005886,
HORIZANT,AR20,disorientation,AR20.N1,Disorientation,10013395,,,
HORIZANT,AR21,lethargy,AR21.N1,Lethargy,10024264,,,
HORIZANT,AR22,asthenia,AR22.N1,Asthenia,10003549,,,
HORIZANT,AR23,insomnia,AR23.N1,Insomnia,10022437,,,
HORIZANT,AR24,confusional state,AR24.N1,Confusional state,10010305,,,
HORIZANT,AR25,breast enlargement,AR25.N1,Breast enlargement,10006242,,,
HORIZANT,AR26,gynecomastia,AR26.N1,Gynaecomastia,10018800,Gynecomastia,10018801,
HORIZANT,AR27,elevated creatine kinase,AR27.N1,Blood creatine phosphokinase increased,10005470,Creatine kinase increased,10011336,
HORIZANT,AR28,driving impairment,AR28.N1,Impaired driving ability,10049564,,,
HORIZANT,AR29,impair ability to operate complex machinery,AR29.N1,Impaired work ability,10052302,,,
HORIZANT,AR30,suicidal thoughts,AR30.N1,Suicidal ideation,10042458,,,
HORIZANT,AR31,suicidal behaviors,AR31.N1,Suicidal behaviour,10065604,Suicidal behavior,10065607,
HORIZANT,AR32,suicidal behavior,AR32.N1,Suicidal behaviour,10065604,Suicidal behavior,10065607,
HORIZANT,AR33,suicidal ideation,AR33.N1,Suicidal ideation,10042458,,,
HORIZANT,AR34,suicidal thinking,AR34.N1,Suicidal ideation,10042458,,,
HORIZANT,AR35,suicides,AR35.N1,Completed suicide,10010144,Suicide,10042462,
HORIZANT,AR36,fatal,AR36.N1,Death,10011906,,,
HORIZANT,AR37,dress,AR37.N1,Drug reaction with eosinophilia and systemic symptoms,10073508,DRESS syndrome,10058899,
HORIZANT,AR38,fever,AR38.N1,Pyrexia,10037660,Fever,10016558,
HORIZANT,AR39,rash,AR39.N1,Rash,10037844,,,
HORIZANT,AR40,lymphadenopathy,AR40.N1,Lymphadenopathy,10025197,,,
HORIZANT,AR41,hepatitis,AR41.N1,Hepatitis,10019717,,,
HORIZANT,AR42,nephritis,AR42.N1,Nephritis,10029117,,,
HORIZANT,AR43,hematological abnormalities,AR43.N1,Haematology test abnormal,10057755,Hematology test abnormal,10057760,
HORIZANT,AR44,myocarditis,AR44.N1,Myocarditis,10028606,,,
HORIZANT,AR45,myositis,AR45.N1,Myositis,10028653,,,
HORIZANT,AR46,eosinophilia,AR46.N1,Eosinophilia,10014950,,,
HORIZANT,AR47,hypersensitivity,AR47.N1,Hypersensitivity,10020751,,,
HORIZANT,AR48,tumors,AR48.N1,Neoplasm,10028980,,,
HORIZANT,AR49,tumors breast,AR49.N1,Breast neoplasm,10006279,,,
HORIZANT,AR50,tumors brain,AR50.N1,Brain neoplasm,10061019,Brain tumor,10006153,
HORIZANT,AR51,tumors lung,AR51.N1,Lung neoplasm,10062042,,,
HORIZANT,AR52,tumors adrenal,AR52.N1,Adrenal neoplasm,10061588,,,
HORIZANT,AR53,non-hodgkin's lymphoma,AR53.N1,Non-Hodgkin's lymphoma,10029547,,,
HORIZANT,AR54,endometrial carcinoma in situ,AR54.N1,Endometrial cancer stage 0,10014737,Endometrial carcinoma stage 0,10014748,
HORIZANT,AR55,tumors worsened brain,AR55.N1,Brain neoplasm,10061019,Brain tumor,10006153,
HORIZANT,AR56,tumors worsened breast,AR56.N1,Breast cancer,10006187,Breast cancer aggravated,10048406,
HORIZANT,AR57,tumors worsened prostate,AR57.N1,Prostate cancer,10060862,Progression of prostate cancer,10066489,
STENDRA,AR1,headache,AR1.N1,Headache,10019211,,,
STENDRA,AR2,flushing,AR2.N1,Flushing,10016825,,,
STENDRA,AR3,nasal congestion,AR3.N1,Nasal congestion,10028735,,,
STENDRA,AR4,nasopharyngitis,AR4.N1,Nasopharyngitis,10028810,,,
STENDRA,AR5,back pain,AR5.N1,Back pain,10003988,,,
STENDRA,AR6,upper respiratory infection,AR6.N1,Upper respiratory tract infection,10046306,Upper respiratory infection,10046300,
STENDRA,AR7,uri,AR7.N1,Upper respiratory tract infection,10046306,,,
STENDRA,AR8,bronchitis,AR8.N1,Bronchitis,10006451,,,
STENDRA,AR9,influenza,AR9.N1,Influenza,10022000,,,
STENDRA,AR10,sinusitis,AR10.N1,Sinusitis,10040753,,,
STENDRA,AR11,sinus congestion,AR11.N1,Sinus congestion,10040742,,,
STENDRA,AR12,hypertension,AR12.N1,Hypertension,10020772,,,
STENDRA,AR13,dyspepsia,AR13.N1,Dyspepsia,10013946,,,
STENDRA,AR14,nausea,AR14.N1,Nausea,10028813,,,
STENDRA,AR15,constipation,AR15.N1,Constipation,10010774,,,
STENDRA,AR16,rash,AR16.N1,Rash,10037844,,,
STENDRA,AR17,dizziness,AR17.N1,Dizziness,10013573,,,
STENDRA,AR18,arthralgia,AR18.N1,Arthralgia,10003239,,,
STENDRA,AR19,diarrhea,AR19.N1,Diarrhoea,10012735,Diarrhea,10012727,
STENDRA,AR20,edema peripheral,AR20.N1,Oedema peripheral,10030124,Edema peripheral,10014251,
STENDRA,AR21,fatigue,AR21.N1,Fatigue,10016256,,,
STENDRA,AR22,angina,AR22.N1,Angina pectoris,10002383,Angina,10002372,
STENDRA,AR23,unstable angina,AR23.N1,Angina unstable,10002388,Unstable angina,10046251,
STENDRA,AR24,deep vein thrombosis,AR24.N1,Deep vein thrombosis,10051055,,,
STENDRA,AR25,palpitations,AR25.N1,Palpitations,10033557,,,
STENDRA,AR26,gastritis,AR26.N1,Gastritis,10017853,,,
STENDRA,AR27,gastroesophageal reflux disease,AR27.N1,Gastrooesophageal reflux disease,10017885,Gastroesophageal reflux disease,10066874,
STENDRA,AR28,hypoglycemia,AR28.N1,Hypoglycaemia,10020993,Hypoglycemia,10021005,
STENDRA,AR29,blood glucose increased,AR29.N1,Blood glucose increased,10005557,,,
STENDRA,AR30,alanine aminotransferase increased,AR30.N1,Alanine aminotransferase increased,10001551,,,
STENDRA,AR31,oropharyngeal pain,AR31.N1,Oropharyngeal pain,10068319,,,
STENDRA,AR32,stomach discomfort,AR32.N1,Abdominal discomfort,10000059,Stomach discomfort,10042101,
STENDRA,AR33,vomiting,AR33.N1,Vomiting,10047700,,,
STENDRA,AR34,muscle spasms,AR34.N1,Muscle spasms,10028334,,,
STENDRA,AR35,musculoskeletal pain,AR35.N1,Musculoskeletal pain,10028391,,,
STENDRA,AR36,myalgia,AR36.N1,Myalgia,10028411,,,
STENDRA,AR37,pain in extremity,AR37.N1,Pain in extremity,10033425,,,
STENDRA,AR38,depression,AR38.N1,Depression,10012378,,,
STENDRA,AR39,insomnia,AR39.N1,Insomnia,10022437,,,
STENDRA,AR40,somnolence,AR40.N1,Somnolence,10041349,,,
STENDRA,AR41,vertigo,AR41.N1,Vertigo,10047340,,,
STENDRA,AR42,cough,AR42.N1,Cough,10011224,,,
STENDRA,AR43,dyspnea exertional,AR43.N1,Dyspnoea exertional,10013971,Dyspnea exertional,10013966,
STENDRA,AR44,epistaxis,AR44.N1,Epistaxis,10015090,,,
STENDRA,AR45,wheezing,AR45.N1,Wheezing,10047924,,,
STENDRA,AR46,pruritus,AR46.N1,Pruritus,10037087,,,
STENDRA,AR47,balanitis,AR47.N1,Balanoposthitis,10004078,Balanitis,10004073,
STENDRA,AR48,erection increased,AR48.N1,Erection increased,10015120,,,
STENDRA,AR49,hematuria,AR49.N1,Haematuria,10018867,Hematuria,10019450,
STENDRA,AR50,nephrolithiasis,AR50.N1,Nephrolithiasis,10029148,,,
STENDRA,AR51,pollakiuria,AR51.N1,Pollakiuria,10036018,,,
STENDRA,AR52,urinary tract infection,AR52.N1,Urinary tract infection,10046571,,,
STENDRA,AR53,electrocardiogram abnormal,AR53.N1,Electrocardiogram abnormal,10014363,,,
STENDRA,AR54,gastroenteritis viral,AR54.N1,Gastroenteritis viral,10017918,,,
STENDRA,AR55,change in color vision,AR55.N1,Visual impairment,10047571,Color vision change,10068914,
STENDRA,AR56,hypotension,AR56.N1,Hypotension,10021097,,,
STENDRA,AR57,cardiac risk,AR57.N1,Cardiac disorder,10061024,,,
STENDRA,AR58,transient decreases in sitting blood pressure,AR58.N1,Blood pressure decreased,10005734,Blood pressure dropped transient,10005745,
STENDRA,AR59,symptomatic hypotension,AR59.N1,Hypotension,10021097,Hypotension symptomatic,10021105,
STENDRA,AR60,lightheadedness,AR60.N1,Dizziness,10013573,Lightheadedness,10024492,
STENDRA,AR61,fainting,AR61.N1,Syncope,10042772,Fainting,10016169,
STENDRA,AR62,potentiates the anti-aggregatory effect of sodium nitroprusside,AR62.N1,,,,,unmapped
STENDRA,AR62,potentiates the anti-aggregatory effect of sodium nitroprusside,AR62.N2,Platelet aggregation inhibition,10050661,,,
ADCETRIS,AR1,peripheral neuropathy,AR1.N1,Neuropathy peripheral,10029331,,,
ADCETRIS,AR2,anaphylaxis,AR2.N1,Anaphylactic reaction,10002198,Anaphylaxis,10002218,
ADCETRIS,AR3,infusion reactions,AR3.N1,Infusion related reaction,10051792,,,
ADCETRIS,AR4,hematologic toxicities,AR4.N1,Haematotoxicity,10061188,Hematotoxicity,10061196,
ADCETRIS,AR5,infections,AR5.N1,Infection,10021789,,,
ADCETRIS,AR6,opportunistic infections,AR6.N1,Opportunistic infection,10030901,,,
ADCETRIS,AR7,tumor lysis syndrome,AR7.N1,Tumour lysis syndrome,10045170,Tumor lysis syndrome,10045152,
ADCETRIS,AR8,increased toxicity,AR8.N1,Toxicity to various agents,10070863,Drug toxicity,10013746,
ADCETRIS,AR9,hepatotoxicity,AR9.N1,Hepatotoxicity,10019851,,,
ADCETRIS,AR10,progressive multifocal leukoencephalopathy,AR10.N1,Progressive multifocal leukoencephalopathy,10036807,,,
ADCETRIS,AR11,pulmonary toxicity,AR11.N1,Pulmonary toxicity,10061924,,,
ADCETRIS,AR12,dermatologic reactions,AR12.N1,Skin reaction,10040914,,,
ADCETRIS,AR13,neutropenia,AR13.N1,Neutropenia,10029354,,,
ADCETRIS,AR14,peripheral sensory neuropathy,AR14.N1,Peripheral sensory neuropathy,10034620,,,
ADCETRIS,AR15,fatigue,AR15.N1,Fatigue,10016256,,,
ADCETRIS,AR16,nausea,AR16.N1,Nausea,10028813,,,
ADCETRIS,AR17,anemia,AR17.N1,Anaemia,10002034,Anemia,10002272,
ADCETRIS,AR18,upper respiratory tract infection,AR18.N1,Upper respiratory tract infection,10046306,,,
ADCETRIS,AR19,diarrhea,AR19.N1,Diarrhoea,10012735,Diarrhea,10012727,
ADCETRIS,AR20,pyrexia,AR20.N1,Pyrexia,10037660,,,
ADCETRIS,AR21,rash,AR21.N1,Rash,10037844,,,
ADCETRIS,AR22,thrombocytopenia,AR22.N1,Thrombocytopenia,10043554,,,
ADCETRIS,AR23,cough,AR23.N1,Cough,10011224,,,
ADCETRIS,AR24,vomiting,AR24.N1,Vomiting,10047700,,,
ADCETRIS,AR25,peripheral motor neuropathy,AR25.N1,Peripheral motor neuropathy,10034580,,,
ADCETRIS,AR26,abdominal pain,AR26.N1,Abdominal pain,10000081,,,
ADCETRIS,AR27,pain,AR27.N1,Pain,10033371,,,
ADCETRIS,AR28,lymphadenopathy,AR28.N1,Lymphadenopathy,10025197,,,
ADCETRIS,AR29,headache,AR29.N1,Headache,10019211,,,
ADCETRIS,AR30,dizziness,AR30.N1,Dizziness,10013573,,,
ADCETRIS,AR31,chills,AR31.N1,Chills,10008531,,,
ADCETRIS,AR32,edema peripheral,AR32.N1,Oedema peripheral,10030124,Edema peripheral,10014251,
ADCETRIS,AR33,constipation,AR33.N1,Constipation,10010774,,,
ADCETRIS,AR34,pruritus,AR34.N1,Pruritus,10037087,,,
ADCETRIS,AR35,alopecia,AR35.N1,Alopecia,10001760,,,
ADCETRIS,AR36,night sweats,AR36.N1,Night sweats,10029410,,,
ADCETRIS,AR37,dry skin,AR37.N1,Dry skin,10013786,,,
ADCETRIS,AR38,dyspnea,AR38.N1,Dyspnoea,10013968,Dyspnea,10013963,
ADCETRIS,AR39,oropharyngeal pain,AR39.N1,Oropharyngeal pain,10068319,,,
ADCETRIS,AR40,arthralgia,AR40.N1,Arthralgia,10003239,,,
ADCETRIS,AR41,myalgia,AR41.N1,Myalgia,10028411,,,
ADCETRIS,AR42,back pain,AR42.N1,Back pain,10003988,,,
ADCETRIS,AR43,pain in extremity,AR43.N1,Pain in extremity,10033425,,,
ADCETRIS,AR44,muscle spasms,AR44.N1,Muscle spasms,10028334,,,
ADCETRIS,AR45,insomnia,AR45.N1,Insomnia,10022437,,,
ADCETRIS,AR46,anxiety,AR46.N1,Anxiety,10002855,,,
ADCETRIS,AR47,decreased appetite,AR47.N1,Decreased appetite,10061428,,,
ADCETRIS,AR48,weight decreased,AR48.N1,Weight decreased,10047895,,,
ADCETRIS,AR49,neuropathy,AR49.N1,Neuropathy peripheral,10029331,Neuropathy,10029328,
ADCETRIS,AR50,residual neuropathy,AR50.N1,Neuropathy peripheral,10029331,Neuropathy,10029328,
ADCETRIS,AR51,infusion-related reactions,AR51.N1,Infusion related reaction,10051792,,,
ADCETRIS,AR52,non-infectious pulmonary toxicity,AR52.N1,Pulmonary toxicity,10061924,,,
ADCETRIS,AR53,interstitial infiltration of the chest,AR53.N1,Lung infiltration,10025102,,,
ADCETRIS,AR54,interstitial inflammation of the chest,AR54.N1,Interstitial lung disease,10022611,,,
ADCETRIS,AR55,pulmonary embolism,AR55.N1,Pulmonary embolism,10037377,,,
ADCETRIS,AR56,pneumonitis,AR56.N1,Pneumonitis,10035742,,,
ADCETRIS,AR57,pneumothorax,AR57.N1,Pneumothorax,10035759,,,
ADCETRIS,AR58,pyelonephritis,AR58.N1,Pyelonephritis,10037596,,,
ADCETRIS,AR59,septic shock,AR59.N1,Septic shock,10040070,,,
ADCETRIS,AR60,supraventricular arrhythmia,AR60.N1,Arrhythmia supraventricular,10003130,,,
ADCETRIS,AR61,urinary tract infection,AR61.N1,Urinary tract infection,10046571,,,
ADCETRIS,AR62,pml,AR62.N1,Progressive multifocal leukoencephalopathy,10036807,,,
ADCETRIS,AR63,stevens-johnson syndrome,AR63.N1,Stevens-Johnson syndrome,10042033,,,
ADCETRIS,AR64,pneumonia,AR64.N1,Pneumonia,10035664,,,
ADCETRIS,AR65,acute respiratory distress syndrome,AR65.N1,Acute respiratory distress syndrome,10001052,,,
ADCETRIS,AR66,paraesthesia,AR66.N1,Paraesthesia,10033775,,,
ADCETRIS,AR67,febrile neutropenia,AR67.N1,Febrile neutropenia,10016288,,,
ADCETRIS,AR68,hyperglycemia,AR68.N1,Hyperglycaemia,10020635,Hyperglycemia,10020639,
ADCETRIS,AR69,pancreatitis,AR69.N1,Pancreatitis,10033645,,,
ADCETRIS,AR70,fatal,AR70.N1,Death,10011906,,,
ADCETRIS,AR71,noninfectious pulmonary toxicity,AR71.N1,Pulmonary toxicity,10061924,,,
ADCETRIS,AR72,interstitial lung disease,AR72.N1,Interstitial lung disease,10022611,,,
ADCETRIS,AR73,ards,AR73.N1,Acute respiratory distress syndrome,10001052,ARDS,10003083,
ADCETRIS,AR74,toxic epidermal necrolysis,AR74.N1,Toxic epidermal necrolysis,10044223,,,
ADCETRIS,AR75,infusion related reactions,AR75.N1,Infusion related reaction,10051792,,,
ADCETRIS,AR76,jc virus infection,AR76.N1,JC virus infection,10023163,,,
ADCETRIS,AR77,death,AR77.N1,Death,10011906,,,
ADCETRIS,AR78,embryo-fetal toxicity,AR78.N1,Maternal drugs affecting foetus,10026923,Drug toxicity NEC affecting foetus,10013750,
ADCETRIS,AR79,fetal harm,AR79.N1,Foetal damage,10016852,Fetal damage,10054743,
ADCETRIS,AR80,peripheral neuropathy sensory,AR80.N1,Peripheral sensory neuropathy,10034620,,,
ADCETRIS,AR81,bacteremia,AR81.N1,Bacteraemia,10003997,Bacteremia,10003999,
ADCETRIS,AR82,sepsis,AR82.N1,Sepsis,10040047,,,
ADCETRIS,AR83,deaths,AR83.N1,Death,10011906,,,
ADCETRIS,AR84,hepatocellular injury,AR84.N1,Hepatocellular injury,10019837,,,
ADCETRIS,AR85,elevations of transaminases,AR85.N1,Transaminases increased,10054889,,,
ADCETRIS,AR86,elevations of bilirubin,AR86.N1,Blood bilirubin increased,10005364,Bilirubin elevated,10004688,
ADCETRIS,AR87,sjs,AR87.N1,Stevens-Johnson syndrome,10042033,,,
ADCETRIS,AR88,ten,AR88.N1,Toxic epidermal necrolysis,10044223,TEN,10043221,
ZERBAXA,AR1,hypersensitivity reactions,AR1.N1,Hypersensitivity,10020751,Hypersensitivity reaction,10020756,
ZERBAXA,AR2,clostridium difficile -associated diarrhea,AR2.N1,Clostridium difficile colitis,10009657,"Diarrhea, Clostridium difficile",10012734,
ZERBAXA,AR3,nausea,AR3.N1,Nausea,10028813,,,
ZERBAXA,AR4,diarrhea,AR4.N1,Diarrhoea,10012735,Diarrhea,10012727,
ZERBAXA,AR5,headache,AR5.N1,Headache,10019211,,,
ZERBAXA,AR6,pyrexia,AR6.N1,Pyrexia,10037660,,,
ZERBAXA,AR7,constipation,AR7.N1,Constipation,10010774,,,
ZERBAXA,AR8,insomnia,AR8.N1,Insomnia,10022437,,,
ZERBAXA,AR9,vomiting,AR9.N1,Vomiting,10047700,,,
ZERBAXA,AR10,hypokalemia,AR10.N1,Hypokalaemia,10021015,Hypokalemia,10021018,
ZERBAXA,AR11,alt increased,AR11.N1,Alanine aminotransferase increased,10001551,ALT increased,10001845,
ZERBAXA,AR12,ast increased,AR12.N1,Aspartate aminotransferase increased,10003481,AST increased,10003544,
ZERBAXA,AR13,anemia,AR13.N1,Anaemia,10002034,Anemia,10002272,
ZERBAXA,AR14,thrombocytosis,AR14.N1,Thrombocytosis,10043563,,,
ZERBAXA,AR15,abdominal pain,AR15.N1,Abdominal pain,10000081,,,
ZERBAXA,AR16,anxiety,AR16.N1,Anxiety,10002855,,,
ZERBAXA,AR17,dizziness,AR17.N1,Dizziness,10013573,,,
ZERBAXA,AR18,hypotension,AR18.N1,Hypotension,10021097,,,
ZERBAXA,AR19,atrial fibrillation,AR19.N1,Atrial fibrillation,10003658,,,
ZERBAXA,AR20,rash,AR20.N1,Rash,10037844,,,
ZERBAXA,AR21,renal impairment,AR21.N1,Renal impairment,10062237,,,
ZERBAXA,AR22,renal failure,AR22.N1,Renal failure,10038435,,,
ZERBAXA,AR23,renal failure acute,AR23.N1,Acute kidney injury,10069339,Renal failure acute,10038436,
ZERBAXA,AR24,death,AR24.N1,Death,10011906,,,
ZERBAXA,AR25,worsening infection,AR25.N1,Infection,10021789,Infection aggravated NOS,10021792,
ZERBAXA,AR26,complications of infection,AR26.N1,Infection,10021789,,,
ZERBAXA,AR27,tachycardia,AR27.N1,Tachycardia,10043071,,,
ZERBAXA,AR28,angina pectoris,AR28.N1,Angina pectoris,10002383,,,
ZERBAXA,AR29,ileus,AR29.N1,Ileus,10021328,,,
ZERBAXA,AR30,gastritis,AR30.N1,Gastritis,10017853,,,
ZERBAXA,AR31,abdominal distension,AR31.N1,Abdominal distension,10000060,,,
ZERBAXA,AR32,dyspepsia,AR32.N1,Dyspepsia,10013946,,,
ZERBAXA,AR33,flatulence,AR33.N1,Flatulence,10016766,,,
ZERBAXA,AR34,ileus paralytic,AR34.N1,Ileus paralytic,10021333,,,
ZERBAXA,AR35,infusion site reactions,AR35.N1,Infusion site reaction,10054996,,,
ZERBAXA,AR36,candidiasis,AR36.N1,Candida infection,10074170,Candidiasis,10007152,
ZERBAXA,AR37,oropharyngeal infection,AR37.N1,Oral infection,10048685,,,
ZERBAXA,AR38,fungal urinary tract infection,AR38.N1,Urinary tract infection fungal,10049059,,,
ZERBAXA,AR39,increased serum gamma-glutamyl transpeptidase,AR39.N1,Gamma-glutamyltransferase increased,10017693,Gamma glutamyl transpeptidase increased,10017668,
ZERBAXA,AR40,increased serum alkaline phosphatase,AR40.N1,Blood alkaline phosphatase increased,10059570,Alkaline phosphatase serum increased,10001679,
ZERBAXA,AR41,positive coombs test,AR41.N1,Coombs test positive,10061090,,,
ZERBAXA,AR42,hyperglycemia,AR42.N1,Hyperglycaemia,10020635,Hyperglycemia,10020639,
ZERBAXA,AR43,hypomagnesemia,AR43.N1,Hypomagnesaemia,10021027,Hypomagnesemia,10021028,
ZERBAXA,AR44,hypophosphatemia,AR44.N1,Hypophosphataemia,10021058,Hypophosphatemia,10021059,
ZERBAXA,AR45,ischemic stroke,AR45.N1,Ischaemic stroke,10061256,Ischemic stroke,10055221,
ZERBAXA,AR46,dyspnea,AR46.N1,Dyspnoea,10013968,Dyspnea,10013963,
ZERBAXA,AR47,urticaria,AR47.N1,Urticaria,10046735,,,
ZERBAXA,AR48,venous thrombosis,AR48.N1,Venous thrombosis,10047249,,,
ZERBAXA,AR49,cdad,AR49.N1,Clostridium difficile colitis,10009657,"Diarrhea, Clostridium difficile",10012734,
ZERBAXA,AR50,fatal,AR50.N1,Death,10011906,,,
ZERBAXA,AR51,colitis,AR51.N1,Colitis,10009887,,,
ZYDELIG,AR1,hepatotoxicity,AR1.N1,Hepatotoxicity,10019851,,,
ZYDELIG,AR2,diarrhea,AR2.N1,Diarrhoea,10012735,Diarrhea,10012727,
ZYDELIG,AR3,colitis,AR3.N1,Colitis,10009887,,,
ZYDELIG,AR4,pneumonitis,AR4.N1,Pneumonitis,10035742,,,
ZYDELIG,AR5,intestinal perforation,AR5.N1,Intestinal perforation,10022694,,,
ZYDELIG,AR6,cutaneous reactions,AR6.N1,Skin reaction,10040914,,,
ZYDELIG,AR7,anaphylaxis,AR7.N1,Anaphylactic reaction,10002198,Anaphylaxis,10002218,
ZYDELIG,AR8,neutropenia,AR8.N1,Neutropenia,10029354,,,
ZYDELIG,AR9,pyrexia,AR9.N1,Pyrexia,10037660,,,
ZYDELIG,AR10,fatigue,AR10.N1,Fatigue,10016256,,,
ZYDELIG,AR11,nausea,AR11.N1,Nausea,10028813,,,
ZYDELIG,AR12,cough,AR12.N1,Cough,10011224,,,
ZYDELIG,AR13,pneumonia,AR13.N1,Pneumonia,10035664,,,
ZYDELIG,AR14,abdominal pain,AR14.N1,Abdominal pain,10000081,,,
ZYDELIG,AR15,chills,AR15.N1,Chills,10008531,,,
ZYDELIG,AR16,rash,AR16.N1,Rash,10037844,,,
ZYDELIG,AR17,hypertriglyceridemia,AR17.N1,Hypertriglyceridaemia,10020869,Hypertriglyceridemia,10020870,
ZYDELIG,AR18,hyperglycemia,AR18.N1,Hyperglycaemia,10020635,Hyperglycemia,10020639,
ZYDELIG,AR19,alt elevations,AR19.N1,Alanine aminotransferase increased,10001551,ALT increased,10001845,
ZYDELIG,AR20,ast elevations,AR20.N1,Aspartate aminotransferase increased,10003481,AST increased,10003544,
ZYDELIG,AR21,sepsis,AR21.N1,Sepsis,10040047,,,
ZYDELIG,AR22,febrile neutropenia,AR22.N1,Febrile neutropenia,10016288,,,
ZYDELIG,AR23,elevated transaminases,AR23.N1,Transaminases increased,10054889,,,
ZYDELIG,AR24,vomiting,AR24.N1,Vomiting,10047700,,,
ZYDELIG,AR25,gastroesophageal reflux disease,AR25.N1,Gastrooesophageal reflux disease,10017885,Gastroesophageal reflux disease,10066874,
ZYDELIG,AR26,stomatitis,AR26.N1,Stomatitis,10042128,,,
ZYDELIG,AR27,headache,AR27.N1,Headache,10019211,,,
ZYDELIG,AR28,pain,AR28.N1,Pain,10033371,,,
ZYDELIG,AR29,nasal congestion,AR29.N1,Nasal congestion,10028735,,,
ZYDELIG,AR30,bronchitis,AR30.N1,Bronchitis,10006451,,,
ZYDELIG,AR31,sinusitis,AR31.N1,Sinusitis,10040753,,,
ZYDELIG,AR32,urinary tract infection,AR32.N1,Urinary tract infection,10046571,,,
ZYDELIG,AR33,arthralgia,AR33.N1,Arthralgia,10003239,,,
ZYDELIG,AR34,neutrophil count decreased,AR34.N1,Neutrophil count decreased,10029366,,,
ZYDELIG,AR35,lymphocyte count decreased,AR35.N1,Lymphocyte count decreased,10025256,,,
ZYDELIG,AR36,lymphocyte count increased,AR36.N1,Lymphocyte count increased,10025258,,,
ZYDELIG,AR37,alt increased,AR37.N1,Alanine aminotransferase increased,10001551,ALT increased,10001845,
ZYDELIG,AR38,ast increased,AR38.N1,Aspartate aminotransferase increased,10003481,AST increased,10003544,
ZYDELIG,AR39,ggt increased,AR39.N1,Gamma-glutamyltransferase increased,10017693,GGT increased,10056910,
ZYDELIG,AR40,hypoglycemia,AR40.N1,Hypoglycaemia,10020993,Hypoglycemia,10021005,
ZYDELIG,AR41,hyponatremia,AR41.N1,Hyponatraemia,10021036,Hyponatremia,10021038,
ZYDELIG,AR42,asthenia,AR42.N1,Asthenia,10003549,,,
ZYDELIG,AR43,peripheral edema,AR43.N1,Oedema peripheral,10030124,Peripheral edema,10034570,
ZYDELIG,AR44,upper respiratory tract infection,AR44.N1,Upper respiratory tract infection,10046306,,,
ZYDELIG,AR45,dyspnea,AR45.N1,Dyspnoea,10013968,Dyspnea,10013963,
ZYDELIG,AR46,night sweats,AR46.N1,Night sweats,10029410,,,
ZYDELIG,AR47,decreased appetite,AR47.N1,Decreased appetite,10061428,,,
ZYDELIG,AR48,insomnia,AR48.N1,Insomnia,10022437,,,
ZYDELIG,AR49,neutrophils decreased,AR49.N1,Neutrophil count decreased,10029366,,,
ZYDELIG,AR50,hemoglobin decreased,AR50.N1,Haemoglobin decreased,10018884,Hemoglobin decreased,10019483,
ZYDELIG,AR51,platelets decreased,AR51.N1,Platelet count decreased,10035528,Platelets decreased,10035545,
ZYDELIG,AR52,fatal,AR52.N1,Death,10011906,,,
ZYDELIG,AR53,toxicities,AR53.N1,Toxicity to various agents,10070863,Drug toxicity,10013746,
ZYDELIG,AR54,toxicities hepatic,AR54.N1,Hepatotoxicity,10019851,,,
ZYDELIG,AR55,embryo-fetal toxicity,AR55.N1,Maternal drugs affecting foetus,10026923,Drug toxicity NEC affecting foetus,10013750,
ZYDELIG,AR56,fetal harm,AR56.N1,Foetal damage,10016852,Fetal damage,10054743,
ZYDELIG,AR57,elevations in alt,AR57.N1,Alanine aminotransferase increased,10001551,ALT increased,10001845,
ZYDELIG,AR58,elevations in ast,AR58.N1,Aspartate aminotransferase increased,10003481,AST increased,10003544,
ZYDELIG,AR59,recurrence alt elevations,AR59.N1,Alanine aminotransferase increased,10001551,ALT increased,10001845,
ZYDELIG,AR60,recurrence ast elevations,AR60.N1,Aspartate aminotransferase increased,10003481,AST increased,10003544,
ZYDELIG,AR61,toxic epidermal necrolysis,AR61.N1,Toxic epidermal necrolysis,10044223,,,
ZYDELIG,AR62,ten,AR62.N1,Toxic epidermal necrolysis,10044223,TEN,10043221,
ZYDELIG,AR63,dermatitis exfoliative,AR63.N1,Dermatitis exfoliative,10012455,,,
ZYDELIG,AR64,rash erythematous,AR64.N1,Rash erythematous,10037855,,,
ZYDELIG,AR65,rash generalized,AR65.N1,Rash generalised,10037858,Generalized rash,10049201,
ZYDELIG,AR66,rash macular,AR66.N1,Rash macular,10037867,,,
ZYDELIG,AR67,rash maculo-papular,AR67.N1,Rash maculo-papular,10037868,,,
ZYDELIG,AR68,rash papular,AR68.N1,Rash papular,10037876,,,
ZYDELIG,AR69,rash pruritic,AR69.N1,Rash pruritic,10037884,,,
ZYDELIG,AR70,exfoliative rash,AR70.N1,Exfoliative rash,10064579,,,
ZYDELIG,AR71,skin disorder,AR71.N1,Skin disorder,10040831,,,
ZYDELIG,AR72,allergic reactions,AR72.N1,Hypersensitivity,10020751,Allergic reaction,10001718,
SIMPONI,AR1,infections,AR1.N1,Infection,10021789,,,
SIMPONI,AR2,malignancies,AR2.N1,Neoplasm malignant,10028997,,,
SIMPONI,AR3,upper respiratory tract infection,AR3.N1,Upper respiratory tract infection,10046306,,,
SIMPONI,AR4,viral infection,AR4.N1,Viral infection,10047461,,,
SIMPONI,AR5,bronchitis,AR5.N1,Bronchitis,10006451,,,
SIMPONI,AR6,hypertension,AR6.N1,Hypertension,10020772,,,
SIMPONI,AR7,rash,AR7.N1,Rash,10037844,,,
SIMPONI,AR8,sepsis,AR8.N1,Sepsis,10040047,,,
SIMPONI,AR9,pneumonia,AR9.N1,Pneumonia,10035664,,,
SIMPONI,AR10,cellulitis,AR10.N1,Cellulitis,10007882,,,
SIMPONI,AR11,abscess,AR11.N1,Abscess,10000269,,,
SIMPONI,AR12,opportunistic infections,AR12.N1,Opportunistic infection,10030901,,,
SIMPONI,AR13,tuberculosis,AR13.N1,Tuberculosis,10044755,,,
SIMPONI,AR14,tb,AR14.N1,Tuberculosis,10044755,TB,10043148,
SIMPONI,AR15,invasive fungal infections,AR15.N1,Systemic mycosis,10052366,Invasive mycosis,10062642,
SIMPONI,AR16,pulmonary tb,AR16.N1,Pulmonary tuberculosis,10037440,Pulmonary TB,10037435,
SIMPONI,AR17,extrapulmonary tb,AR17.N1,Extrapulmonary tuberculosis,10064445,,,
SIMPONI,AR18,active tb,AR18.N1,Tuberculosis,10044755,Active tuberculosis,10071157,
SIMPONI,AR19,malignancy,AR19.N1,Neoplasm malignant,10028997,,,
SIMPONI,AR20,lymphoma,AR20.N1,Lymphoma,10025310,,,
SIMPONI,AR21,nmsc,AR21.N1,Skin cancer,10040808,Cancer of skin (excl melanoma),10007116,
SIMPONI,AR22,alt elevations,AR22.N1,Alanine aminotransferase increased,10001551,ALT increased,10001845,
SIMPONI,AR23,newly ana-positive,AR23.N1,Antinuclear antibody positive,10060055,ANA positive,10060060,
SIMPONI,AR24,infusion reaction,AR24.N1,Infusion related reaction,10051792,,,
SIMPONI,AR25,nasopharyngitis,AR25.N1,Nasopharyngitis,10028810,,,
SIMPONI,AR26,pharyngitis,AR26.N1,Pharyngitis,10034835,,,
SIMPONI,AR27,laryngitis,AR27.N1,Laryngitis,10023874,,,
SIMPONI,AR28,rhinitis,AR28.N1,Rhinitis,10039083,,,
SIMPONI,AR29,viral infections,AR29.N1,Viral infection,10047461,,,
SIMPONI,AR30,influenza,AR30.N1,Influenza,10022000,,,
SIMPONI,AR31,herpes,AR31.N1,Herpes virus infection,10019973,Herpes NOS,10019944,
SIMPONI,AR32,bacterial infections,AR32.N1,Bacterial infection,10060945,,,
SIMPONI,AR33,vascular disorders,AR33.N1,Angiopathy,10059245,Vascular disorder,10047059,
SIMPONI,AR34,pyrexia,AR34.N1,Pyrexia,10037660,,,
SIMPONI,AR35,blood disorders,AR35.N1,Blood disorder,10061590,,,
SIMPONI,AR36,lymphatic disorders,AR36.N1,Lymphatic disorder,10052314,,,
SIMPONI,AR37,leukopenia,AR37.N1,Leukopenia,10024384,,,
SIMPONI,AR38,superficial fungal infection,AR38.N1,Fungal infection,10017533,,,
SIMPONI,AR39,sinusitis,AR39.N1,Sinusitis,10040753,,,
SIMPONI,AR40,lower respiratory tract infection,AR40.N1,Lower respiratory tract infection,10024968,,,
SIMPONI,AR41,pyelonephritis,AR41.N1,Pyelonephritis,10037596,,,
SIMPONI,AR42,alanine aminotransferase increased,AR42.N1,Alanine aminotransferase increased,10001551,,,
SIMPONI,AR43,aspartate aminotransferase increased,AR43.N1,Aspartate aminotransferase increased,10003481,,,
SIMPONI,AR44,neutrophil count decreased,AR44.N1,Neutrophil count decreased,10029366,,,
SIMPONI,AR45,dizziness,AR45.N1,Dizziness,10013573,,,
SIMPONI,AR46,paresthesia,AR46.N1,Paraesthesia,10033775,Paresthesia,10033987,
SIMPONI,AR47,constipation,AR47.N1,Constipation,10010774,,,
SIMPONI,AR48,melanoma,AR48.N1,Malignant melanoma,10025650,Melanoma,10053571,
SIMPONI,AR49,systemic hypersensitivity reactions,AR49.N1,Hypersensitivity,10020751,Systemic allergic reaction,10066472,
SIMPONI,AR50,anaphylactic reaction,AR50.N1,Anaphylactic reaction,10002198,,,
SIMPONI,AR51,sarcoidosis,AR51.N1,Sarcoidosis,10039486,,,
SIMPONI,AR52,interstitial lung disease,AR52.N1,Interstitial lung disease,10022611,,,
SIMPONI,AR53,skin exfoliation,AR53.N1,Skin exfoliation,10040844,,,
SIMPONI,AR54,bullous skin reactions,AR54.N1,Dermatitis bullous,10012441,,,
SIMPONI,AR55,death,AR55.N1,Death,10011906,,,
SIMPONI,AR56,bacterial sepsis,AR56.N1,Bacterial sepsis,10053840,,,
SIMPONI,AR57,histoplasmosis,AR57.N1,Histoplasmosis,10020141,,,
SIMPONI,AR58,fatal,AR58.N1,Death,10011906,,,
SIMPONI,AR59,active tuberculosis,AR59.N1,Tuberculosis,10044755,Active tuberculosis,10071157,
SIMPONI,AR60,reactivation of latent tuberculosis,AR60.N1,Tuberculosis,10044755,Tuberculosis reactivated,10045025,
SIMPONI,AR61,tuberculosis disseminated,AR61.N1,Disseminated tuberculosis,10013453,,,
SIMPONI,AR62,tuberculosis extrapulmonary,AR62.N1,Extrapulmonary tuberculosis,10064445,,,
SIMPONI,AR63,coccidioidomycosis,AR63.N1,Coccidioidomycosis,10009825,,,
SIMPONI,AR64,candidiasis,AR64.N1,Candida infection,10074170,Candidiasis,10007152,
SIMPONI,AR65,aspergillosis,AR65.N1,Aspergillus infection,10074171,Aspergillosis,10003488,
SIMPONI,AR66,blastomycosis,AR66.N1,Blastomycosis,10005098,,,
SIMPONI,AR67,pneumocystosis,AR67.N1,Pneumocystis jirovecii pneumonia,10073755,Pneumocystosis,10035662,
SIMPONI,AR68,infections due to opportunistic pathogens,AR68.N1,Opportunistic infection,10030901,,,
SIMPONI,AR69,infections legionella,AR69.N1,Legionella infection,10061266,,,
SIMPONI,AR70,infections listeria,AR70.N1,Listeriosis,10024641,Listeria infection,10024638,
SIMPONI,AR71,hepatitis b reactivation,AR71.N1,Hepatitis B,10019731,Hepatitis B reactivation,10058827,
SIMPONI,AR72,heart failure,AR72.N1,Cardiac failure,10007554,Heart failure,10019279,
SIMPONI,AR73,heart failure worsening,AR73.N1,Cardiac failure,10007554,Cardiac failure aggravated,10007557,
SIMPONI,AR74,heart failure new onset,AR74.N1,Cardiac failure,10007554,,,
SIMPONI,AR75,demyelinating disease,AR75.N1,Demyelination,10012305,Demyelination disorder NOS,10048425,
SIMPONI,AR76,demyelinating disease exacerbation,AR76.N1,Demyelination,10012305,Demyelination disorder NOS,10048425,
SIMPONI,AR77,demyelinating disease new onset,AR77.N1,Demyelination,10012305,Demyelination disorder NOS,10048425,
SIMPONI,AR78,hypersensitivity reactions,AR78.N1,Hypersensitivity,10020751,Hypersensitivity reaction,10020756,
SIMPONI,AR79,anaphylaxis,AR79.N1,Anaphylactic reaction,10002198,Anaphylaxis,10002218,
SIMPONI,AR80,reactivation of tuberculosis,AR80.N1,Tuberculosis,10044755,Tuberculosis reactivated,10045025,
SIMPONI,AR81,new tuberculosis infections,AR81.N1,Tuberculosis,10044755,Infection tuberculosis,10021870,
SIMPONI,AR82,reactivation of hepatitis b virus,AR82.N1,Hepatitis B,10019731,Hepatitis B reactivation,10058827,
SIMPONI,AR83,reactivation of hbv,AR83.N1,Hepatitis B,10019731,Hepatitis B reactivation,10058827,
SIMPONI,AR84,hbv reactivation,AR84.N1,Hepatitis B,10019731,Hepatitis B reactivation,10058827,
SIMPONI,AR85,lymphomas,AR85.N1,Lymphoma,10025310,,,
SIMPONI,AR86,hodgkin's lymphoma,AR86.N1,Hodgkin's disease,10020206,Hodgkin's lymphoma,10020328,
SIMPONI,AR87,non-hodgkin's lymphoma,AR87.N1,Non-Hodgkin's lymphoma,10029547,,,
SIMPONI,AR88,rare malignancies,AR88.N1,Neoplasm malignant,10028997,,,
SIMPONI,AR89,immunosuppression,AR89.N1,Immunosuppression,10062016,,,
SIMPONI,AR90,acute leukemia,AR90.N1,Acute leukaemia,10000830,Acute leukemia,10000835,
SIMPONI,AR91,chronic leukemia,AR91.N1,Chronic leukaemia,10008943,Chronic leukemia,10008948,
SIMPONI,AR92,hepatosplenic t-cell lymphoma,AR92.N1,Hepatosplenic T-cell lymphoma,10066957,,,
SIMPONI,AR93,hstcl,AR93.N1,Hepatosplenic T-cell lymphoma,10066957,,,
SIMPONI,AR94,rare type of t-cell lymphoma,AR94.N1,T-cell lymphoma,10042971,,,
SIMPONI,AR95,merkel cell carcinoma,AR95.N1,Neuroendocrine carcinoma of the skin,10029266,Merkel cell carcinoma,10064025,
SIMPONI,AR96,worsening congestive heart failure,AR96.N1,Cardiac failure congestive,10007559,Congestive cardiac failure aggravated,10048565,
SIMPONI,AR97,worsening chf,AR97.N1,Cardiac failure congestive,10007559,Congestive cardiac failure aggravated,10048565,
SIMPONI,AR98,new onset chf,AR98.N1,Cardiac failure congestive,10007559,CHF,10008502,
SIMPONI,AR99,chf exacerbations,AR99.N1,Cardiac failure congestive,10007559,Congestive cardiac failure aggravated,10048565,
SIMPONI,AR100,increased mortality,AR100.N1,Death,10011906,,,
SIMPONI,AR101,new onset central nervous system demyelinating disorders,AR101.N1,Demyelination,10012305,"Demyelinating disease of central nervous system, unspecified",10012301,
SIMPONI,AR102,new onset cns demyelinating disorders,AR102.N1,Demyelination,10012305,"Demyelinating disease of central nervous system, unspecified",10012301,
SIMPONI,AR103,exacerbation of central nervous system demyelinating disorders,AR103.N1,Demyelination,10012305,"Demyelinating disease of central nervous system, unspecified",10012301,
SIMPONI,AR104,exacerbation of cns demyelinating disorders,AR104.N1,Demyelination,10012305,"Demyelinating disease of central nervous system, unspecified",10012301,
SIMPONI,AR105,multiple sclerosis,AR105.N1,Multiple sclerosis,10028245,,,
SIMPONI,AR106,ms,AR106.N1,Multiple sclerosis,10028245,MS,10028053,
SIMPONI,AR107,peripheral demyelinating disorders,AR107.N1,Demyelinating polyneuropathy,10061811,,,
SIMPONI,AR108,guillain-barre syndrome,AR108.N1,Guillain-Barre syndrome,10018767,,,
SIMPONI,AR109,central demyelination,AR109.N1,Demyelination,10012305,"Demyelinating disease of central nervous system, unspecified",10012301,
SIMPONI,AR110,optic neuritis,AR110.N1,Optic neuritis,10030942,,,
SIMPONI,AR111,peripheral demyelinating polyneuropathy,AR111.N1,Demyelinating polyneuropathy,10061811,,,
SIMPONI,AR112,pancytopenia,AR112.N1,Pancytopenia,10033661,,,
SIMPONI,AR113,neutropenia,AR113.N1,Neutropenia,10029354,,,
SIMPONI,AR114,aplastic anemia,AR114.N1,Aplastic anaemia,10002967,Aplastic anemia,10002969,
SIMPONI,AR115,thrombocytopenia,AR115.N1,Thrombocytopenia,10043554,,,
BLINCYTO,AR1,cytokine release syndrome,AR1.N1,Cytokine release syndrome,10052015,,,
BLINCYTO,AR2,neurological toxicities,AR2.N1,Neurotoxicity,10029350,,,
BLINCYTO,AR3,infections,AR3.N1,Infection,10021789,,,
BLINCYTO,AR4,tumor lysis syndrome,AR4.N1,Tumour lysis syndrome,10045170,Tumor lysis syndrome,10045152,
BLINCYTO,AR5,neutropenia,AR5.N1,Neutropenia,10029354,,,
BLINCYTO,AR6,febrile neutropenia,AR6.N1,Febrile neutropenia,10016288,,,
BLINCYTO,AR7,effects on ability to drive,AR7.N1,Impaired driving ability,10049564,Driving ability disturbed,10050503,
BLINCYTO,AR8,effects on ability to use machines,AR8.N1,,,,,unmapped
BLINCYTO,AR9,elevated liver enzymes,AR9.N1,Hepatic enzyme increased,10060795,Elevated liver enzymes,10014481,
BLINCYTO,AR10,leukoencephalopathy,AR10.N1,Leukoencephalopathy,10024382,,,
BLINCYTO,AR11,pyrexia,AR11.N1,Pyrexia,10037660,,,
BLINCYTO,AR12,headache,AR12.N1,Headache,10019211,,,
BLINCYTO,AR13,peripheral edema,AR13.N1,Oedema peripheral,10030124,Peripheral edema,10034570,
BLINCYTO,AR14,nausea,AR14.N1,Nausea,10028813,,,
BLINCYTO,AR15,hypokalemia,AR15.N1,Hypokalaemia,10021015,Hypokalemia,10021018,
BLINCYTO,AR16,tremor,AR16.N1,Tremor,10044565,,,
BLINCYTO,AR17,rash,AR17.N1,Rash,10037844,,,
BLINCYTO,AR18,constipation,AR18.N1,Constipation,10010774,,,
BLINCYTO,AR19,pneumonia,AR19.N1,Pneumonia,10035664,,,
BLINCYTO,AR20,sepsis,AR20.N1,Sepsis,10040047,,,
BLINCYTO,AR21,device-related infection,AR21.N1,Device related infection,10064687,,,
BLINCYTO,AR22,encephalopathy,AR22.N1,Encephalopathy,10014625,,,
BLINCYTO,AR23,infection,AR23.N1,Infection,10021789,,,
BLINCYTO,AR24,overdose,AR24.N1,Overdose,10033295,,,
BLINCYTO,AR25,confusion,AR25.N1,Confusional state,10010305,Confusion,10010300,
BLINCYTO,AR26,staphylococcal bacteremia,AR26.N1,Staphylococcal bacteraemia,10051017,Staphylococcal bacteremia,10054637,
BLINCYTO,AR27,fatal,AR27.N1,Death,10011906,,,
BLINCYTO,AR28,anemia,AR28.N1,Anaemia,10002034,Anemia,10002272,
BLINCYTO,AR29,thrombocytopenia,AR29.N1,Thrombocytopenia,10043554,,,
BLINCYTO,AR30,leukopenia,AR30.N1,Leukopenia,10024384,,,
BLINCYTO,AR31,diarrhea,AR31.N1,Diarrhoea,10012735,Diarrhea,10012727,
BLINCYTO,AR32,colitis,AR32.N1,Colitis,10009887,,,
BLINCYTO,AR33,enteritis,AR33.N1,Enteritis,10014866,,,
BLINCYTO,AR34,neutropenic colitis,AR34.N1,Neutropenic colitis,10062959,,,
BLINCYTO,AR35,abdominal pain,AR35.N1,Abdominal pain,10000081,,,
BLINCYTO,AR36,vomiting,AR36.N1,Vomiting,10047700,,,
BLINCYTO,AR37,fatigue,AR37.N1,Fatigue,10016256,,,
BLINCYTO,AR38,chills,AR38.N1,Chills,10008531,,,
BLINCYTO,AR39,chest pain,AR39.N1,Chest pain,10008479,,,
BLINCYTO,AR40,bacterial infections,AR40.N1,Bacterial infection,10060945,,,
BLINCYTO,AR41,fungal infections,AR41.N1,Fungal infection,10017533,,,
BLINCYTO,AR42,viral infections,AR42.N1,Viral infection,10047461,,,
BLINCYTO,AR43,increased alanine aminotransferase,AR43.N1,Alanine aminotransferase increased,10001551,,,
BLINCYTO,AR44,increased aspartate aminotransferase,AR44.N1,Aspartate aminotransferase increased,10003481,,,
BLINCYTO,AR45,increased weight,AR45.N1,Weight increased,10047899,,,
BLINCYTO,AR46,hypomagnesemia,AR46.N1,Hypomagnesaemia,10021027,Hypomagnesemia,10021028,
BLINCYTO,AR47,hyperglycemia,AR47.N1,Hyperglycaemia,10020635,Hyperglycemia,10020639,
BLINCYTO,AR48,decreased appetite,AR48.N1,Decreased appetite,10061428,,,
BLINCYTO,AR49,hypophosphatemia,AR49.N1,Hypophosphataemia,10021058,Hypophosphatemia,10021059,
BLINCYTO,AR50,back pain,AR50.N1,Back pain,10003988,,,
BLINCYTO,AR51,pain in extremity,AR51.N1,Pain in extremity,10033425,,,
BLINCYTO,AR52,bone pain,AR52.N1,Bone pain,10006002,,,
BLINCYTO,AR53,arthralgia,AR53.N1,Arthralgia,10003239,,,
BLINCYTO,AR54,resting tremor,AR54.N1,Resting tremor,10071390,,,
BLINCYTO,AR55,dizziness,AR55.N1,Dizziness,10013573,,,
BLINCYTO,AR56,insomnia,AR56.N1,Insomnia,10022437,,,
BLINCYTO,AR57,cough,AR57.N1,Cough,10011224,,,
BLINCYTO,AR58,dyspnea,AR58.N1,Dyspnoea,10013968,Dyspnea,10013963,
BLINCYTO,AR59,acute respiratory failure,AR59.N1,Acute respiratory failure,10001053,,,
BLINCYTO,AR60,bronchial hyperactivity,AR60.N1,Bronchial hyperreactivity,10066091,Bronchial hyperactivity,10056285,
BLINCYTO,AR61,bronchospasm,AR61.N1,Bronchospasm,10006482,,,
BLINCYTO,AR62,dyspnea exertional,AR62.N1,Dyspnoea exertional,10013971,Dyspnea exertional,10013966,
BLINCYTO,AR63,respiratory distress,AR63.N1,Respiratory distress,10038687,,,
BLINCYTO,AR64,respiratory failure,AR64.N1,Respiratory failure,10038695,,,
BLINCYTO,AR65,wheezing,AR65.N1,Wheezing,10047924,,,
BLINCYTO,AR66,erythema,AR66.N1,Erythema,10015150,,,
BLINCYTO,AR67,erythematous rash,AR67.N1,Rash erythematous,10037855,Erythematous rash,10015243,
BLINCYTO,AR68,generalized rash,AR68.N1,Rash generalised,10037858,Generalized rash,10049201,
BLINCYTO,AR69,macular rash,AR69.N1,Rash macular,10037867,Macular rash,10025418,
BLINCYTO,AR70,maculo-papular rash,AR70.N1,Rash maculo-papular,10037868,Maculo-papular rash,10025423,
BLINCYTO,AR71,papular rash,AR71.N1,Rash papular,10037876,Papular rash,10033726,
BLINCYTO,AR72,vesicular rash,AR72.N1,Rash vesicular,10037898,Vesicular rash,10047377,
BLINCYTO,AR73,hypotension,AR73.N1,Hypotension,10021097,,,
BLINCYTO,AR74,hypertension,AR74.N1,Hypertension,10020772,,,
BLINCYTO,AR75,leukocytosis,AR75.N1,Leukocytosis,10024378,,,
BLINCYTO,AR76,lymphopenia,AR76.N1,Lymphopenia,10025327,,,
BLINCYTO,AR77,tachycardia,AR77.N1,Tachycardia,10043071,,,
BLINCYTO,AR78,edema,AR78.N1,Oedema,10030095,Edema,10014210,
BLINCYTO,AR79,cytokine storm,AR79.N1,Cytokine storm,10050685,,,
BLINCYTO,AR80,decreased immunoglobulins,AR80.N1,Immunoglobulins decreased,10021499,Decreased immunoglobulins,10011969,
BLINCYTO,AR81,increased blood bilirubin,AR81.N1,Blood bilirubin increased,10005364,,,
BLINCYTO,AR82,increased gamma-glutamyl-transferase,AR82.N1,Gamma-glutamyltransferase increased,10017693,,,
BLINCYTO,AR83,increased liver enzymes,AR83.N1,Hepatic enzyme increased,10060795,Elevated liver enzymes,10014481,
BLINCYTO,AR84,hypoalbuminemia,AR84.N1,Hypoalbuminaemia,10020942,Hypoalbuminemia,10020943,
BLINCYTO,AR85,paresthesia,AR85.N1,Paraesthesia,10033775,Paresthesia,10033987,
BLINCYTO,AR86,aphasia,AR86.N1,Aphasia,10002948,,,
BLINCYTO,AR87,convulsion,AR87.N1,Seizure,10039906,Convulsion,10010904,
BLINCYTO,AR88,memory impairment,AR88.N1,Memory impairment,10027175,,,
BLINCYTO,AR89,cognitive disorder,AR89.N1,Cognitive disorder,10057668,,,
BLINCYTO,AR90,speech disorder,AR90.N1,Speech disorder,10041466,,,
BLINCYTO,AR91,disorientation,AR91.N1,Disorientation,10013395,,,
BLINCYTO,AR92,capillary leak syndrome,AR92.N1,Capillary leak syndrome,10007196,,,
BLINCYTO,AR93,hypersensitivity reactions,AR93.N1,Hypersensitivity,10020751,Hypersensitivity reaction,10020756,
BLINCYTO,AR94,hypersensitivity,AR94.N1,Hypersensitivity,10020751,,,
BLINCYTO,AR95,crs,AR95.N1,Cytokine release syndrome,10052015,,,
BLINCYTO,AR96,infusion reactions,AR96.N1,Infusion related reaction,10051792,,,
BLINCYTO,AR97,asthenia,AR97.N1,Asthenia,10003549,,,
BLINCYTO,AR98,increased total bilirubin,AR98.N1,Blood bilirubin increased,10005364,Bilirubin total increased,10056806,
BLINCYTO,AR99,disseminated intravascular coagulation,AR99.N1,Disseminated intravascular coagulation,10013442,,,
BLINCYTO,AR100,dic,AR100.N1,Disseminated intravascular coagulation,10013442,DIC,10012769,
BLINCYTO,AR101,cls,AR101.N1,Capillary leak syndrome,10007196,,,
BLINCYTO,AR102,hemophagocytic lymphohistiocytosis,AR102.N1,Histiocytosis haematophagic,10048595,Hemophagocytic lymphohistiocytosis,10071580,
BLINCYTO,AR103,macrophage activation syndrome,AR103.N1,Histiocytosis haematophagic,10048595,Macrophage activation syndrome,10053867,
BLINCYTO,AR104,hlh,AR104.N1,Histiocytosis haematophagic,10048595,Hemophagocytic lymphohistiocytosis,10071580,
BLINCYTO,AR105,mas,AR105.N1,Histiocytosis haematophagic,10048595,Macrophage activation syndrome,10053867,
BLINCYTO,AR106,convulsions,AR106.N1,Seizure,10039906,Convulsions,10010914,
BLINCYTO,AR107,speech disorders,AR107.N1,Speech disorder,10041466,,,
BLINCYTO,AR108,disturbances in consciousness,AR108.N1,Altered state of consciousness,10001854,Consciousness disturbed,10010770,
BLINCYTO,AR109,coordination disorders,AR109.N1,Coordination abnormal,10010947,Coordination impaired,10010950,
BLINCYTO,AR110,balance disorders,AR110.N1,Balance disorder,10049848,,,
BLINCYTO,AR111,bacteremia,AR111.N1,Bacteraemia,10003997,Bacteremia,10003999,
BLINCYTO,AR112,opportunistic infections,AR112.N1,Opportunistic infection,10030901,,,
BLINCYTO,AR113,catheter-site infections,AR113.N1,Catheter site infection,10056520,,,
BLINCYTO,AR114,tls,AR114.N1,Tumour lysis syndrome,10045170,Tumor lysis syndrome,10045152,
BLINCYTO,AR115,neurologic events,AR115.N1,Neurological symptom,10060860,Neurologic reaction,10029290,
BLINCYTO,AR116,seizures,AR116.N1,Seizure,10039906,Seizures,10039910,
BLINCYTO,AR117,loss of consciousness,AR117.N1,Loss of consciousness,10024855,,,
BLINCYTO,AR118,elevations in liver enzymes,AR118.N1,Hepatic enzyme increased,10060795,Elevated liver enzymes,10014481,
NATAZIA,AR1,cardiovascular events,AR1.N1,Cardiovascular symptom,10075534,,,
NATAZIA,AR2,stroke,AR2.N1,Cerebrovascular accident,10008190,Stroke,10042244,
NATAZIA,AR3,vascular events,AR3.N1,Angiopathy,10059245,Vascular disorder,10047059,
NATAZIA,AR4,liver disease,AR4.N1,Liver disorder,10024670,Hepatic disease,10019650,
NATAZIA,AR5,irregular uterine bleeding,AR5.N1,Dysfunctional uterine bleeding,10013908,,,
NATAZIA,AR6,nausea,AR6.N1,Nausea,10028813,,,
NATAZIA,AR7,breast tenderness,AR7.N1,Breast tenderness,10006313,,,
NATAZIA,AR8,headache,AR8.N1,Headache,10019211,,,
NATAZIA,AR9,headaches,AR9.N1,Headache,10019211,,,
NATAZIA,AR10,migraines,AR10.N1,Migraine,10027599,,,
NATAZIA,AR11,breast pain,AR11.N1,Breast pain,10006298,,,
NATAZIA,AR12,menstrual disorders,AR12.N1,Menstrual disorder,10027327,,,
NATAZIA,AR13,vomiting,AR13.N1,Vomiting,10047700,,,
NATAZIA,AR14,acne,AR14.N1,Acne,10000496,,,
NATAZIA,AR15,mood changes,AR15.N1,Mood altered,10027940,Mood change,10027941,
NATAZIA,AR16,increased weight,AR16.N1,Weight increased,10047899,,,
NATAZIA,AR17,menstrual disorder,AR17.N1,Menstrual disorder,10027327,,,
NATAZIA,AR18,metrorrhagia,AR18.N1,Metrorrhagia,10027514,,,
NATAZIA,AR19,menorrhagia,AR19.N1,Menorrhagia,10027313,,,
NATAZIA,AR20,menstruation irregular,AR20.N1,Menstruation irregular,10027339,,,
NATAZIA,AR21,genital hemorrhage,AR21.N1,Genital haemorrhage,10061178,Genital hemorrhage,10055260,
NATAZIA,AR22,vaginal hemorrhage,AR22.N1,Vaginal haemorrhage,10046910,Vaginal hemorrhage,10046912,
NATAZIA,AR23,dysfunctional uterine bleeding,AR23.N1,Dysfunctional uterine bleeding,10013908,,,
NATAZIA,AR24,depression,AR24.N1,Depression,10012378,,,
NATAZIA,AR25,mood swings,AR25.N1,Mood swings,10027951,,,
NATAZIA,AR26,mood altered,AR26.N1,Mood altered,10027940,,,
NATAZIA,AR27,depressed mood,AR27.N1,Depressed mood,10012374,,,
NATAZIA,AR28,dysthymic disorder,AR28.N1,Dysthymic disorder,10013982,,,
NATAZIA,AR29,crying,AR29.N1,Crying,10011469,Crying abnormal,10011470,
NATAZIA,AR30,weight increased,AR30.N1,Weight increased,10047899,,,
NATAZIA,AR31,breast discomfort,AR31.N1,Breast discomfort,10049872,,,
NATAZIA,AR32,abnormal withdrawal bleeding,AR32.N1,Abnormal withdrawal bleeding,10069195,,,
NATAZIA,AR33,uterine hemorrhage,AR33.N1,Uterine haemorrhage,10046788,Uterine hemorrhage,10046789,
NATAZIA,AR34,affect lability,AR34.N1,Affect lability,10054196,,,
NATAZIA,AR35,myocardial infarction,AR35.N1,Myocardial infarction,10028596,,,
NATAZIA,AR36,ruptured ovarian cyst,AR36.N1,Ovarian cyst ruptured,10033136,,,
NATAZIA,AR37,deep vein thrombosis,AR37.N1,Deep vein thrombosis,10051055,,,
NATAZIA,AR38,focal nodular hyperplasia of the liver,AR38.N1,Focal nodular hyperplasia,10052285,Hepatic nodular hyperplasia,10058959,
NATAZIA,AR39,uterine leiomyoma,AR39.N1,Uterine leiomyoma,10046798,,,
NATAZIA,AR40,acute cholecystitis,AR40.N1,Cholecystitis acute,10008614,Acute cholecystitis,10000691,
NATAZIA,AR41,chronic acalculous cholecystitis,AR41.N1,Cholecystitis,10008612,Acalculous cholecystitis,10000347,
NATAZIA,AR42,venous thromboembolic events,AR42.N1,Embolism venous,10014522,Venous thromboembolism,10066899,
NATAZIA,AR43,arterial thromboembolic events,AR43.N1,Embolism arterial,10014513,Arterial thromboembolism,10073529,
NATAZIA,AR44,pulmonary emboli,AR44.N1,Pulmonary embolism,10037377,Pulmonary embolus,10037380,
NATAZIA,AR45,cerebral thrombosis,AR45.N1,Cerebral thrombosis,10008132,,,
NATAZIA,AR46,hypertension,AR46.N1,Hypertension,10020772,,,
NATAZIA,AR47,gallbladder disease,AR47.N1,Gallbladder disorder,10017626,Gallbladder disease,10017641,
NATAZIA,AR48,hepatitis,AR48.N1,Hepatitis,10019717,,,
NATAZIA,AR49,hypersensitivity,AR49.N1,Hypersensitivity,10020751,,,
NATAZIA,AR50,fluid retention,AR50.N1,Fluid retention,10016807,,,
NATAZIA,AR51,hypertriglyceridemia,AR51.N1,Hypertriglyceridaemia,10020869,Hypertriglyceridemia,10020870,
NATAZIA,AR52,dizziness,AR52.N1,Dizziness,10013573,,,
NATAZIA,AR53,chloasma,AR53.N1,Chloasma,10008570,,,
NATAZIA,AR54,angioedema,AR54.N1,Angioedema,10002424,,,
NATAZIA,AR55,erythema nodosum,AR55.N1,Erythema nodosum,10015226,,,
NATAZIA,AR56,erythema multiforme,AR56.N1,Erythema multiforme,10015218,,,
NATAZIA,AR57,gastrointestinal symptoms,AR57.N1,Gastrointestinal disorder,10017944,Gastrointestinal symptom NOS,10018011,
NATAZIA,AR58,abdominal pain,AR58.N1,Abdominal pain,10000081,,,
NATAZIA,AR59,vulvovaginal candidiasis,AR59.N1,Vulvovaginal candidiasis,10047784,,,
NATAZIA,AR60,vascular risks thrombotic,AR60.N1,Thrombosis,10043607,,,
NATAZIA,AR61,high blood pressure,AR61.N1,Hypertension,10020772,Blood pressure high,10005747,
NATAZIA,AR62,carbohydrate metabolic effects,AR62.N1,Carbohydrate metabolism disorder,10061023,,,
NATAZIA,AR63,lipid metabolic effects,AR63.N1,Lipids abnormal,10024588,,,
NATAZIA,AR64,uterine bleeding,AR64.N1,Uterine haemorrhage,10046788,Uterine bleeding,10046765,
NATAZIA,AR65,vte,AR65.N1,Embolism venous,10014522,Venous thromboembolism,10066899,
NATAZIA,AR66,rupture of hepatic adenomas,AR66.N1,Hepatic adenoma,10019629,,,
NATAZIA,AR66,rupture of hepatic adenomas,AR66.N2,Hepatic rupture,10019707,,,
NATAZIA,AR67,death,AR67.N1,Death,10011906,,,
NATAZIA,AR68,intra-abdominal hemorrhage,AR68.N1,Intra-abdominal haemorrhage,10061249,Intra-abdominal hemorrhage,10055291,
NATAZIA,AR69,headaches recurrent,AR69.N1,Headache,10019211,Headache recurrent,10066618,
NATAZIA,AR70,headaches persistent,AR70.N1,Headache,10019211,,,underspecified
NATAZIA,AR71,cerebrovascular event,AR71.N1,Cerebrovascular disorder,10008196,,,
NATAZIA,AR72,amenorrhea,AR72.N1,Amenorrhoea,10001928,Amenorrhea,10001927,
NATAZIA,AR73,oligomenorrhea,AR73.N1,Oligomenorrhoea,10030295,Oligomenorrhea,10030294,
NATAZIA,AR74,intracyclic bleeding,AR74.N1,Metrorrhagia,10027514,,,
DIFICID,AR1,nausea,AR1.N1,Nausea,10028813,,,
DIFICID,AR2,vomiting,AR2.N1,Vomiting,10047700,,,
DIFICID,AR3,abdominal pain,AR3.N1,Abdominal pain,10000081,,,
DIFICID,AR4,gastrointestinal hemorrhage,AR4.N1,Gastrointestinal haemorrhage,10017955,Gastrointestinal hemorrhage,10017960,
DIFICID,AR5,anemia,AR5.N1,Anaemia,10002034,Anemia,10002272,
DIFICID,AR6,neutropenia,AR6.N1,Neutropenia,10029354,,,
DIFICID,AR7,abdominal distension,AR7.N1,Abdominal distension,10000060,,,
DIFICID,AR8,abdominal tenderness,AR8.N1,Abdominal tenderness,10000097,,,
DIFICID,AR9,dyspepsia,AR9.N1,Dyspepsia,10013946,,,
DIFICID,AR10,dysphagia,AR10.N1,Dysphagia,10013950,,,
DIFICID,AR11,flatulence,AR11.N1,Flatulence,10016766,,,
DIFICID,AR12,intestinal obstruction,AR12.N1,Intestinal obstruction,10022687,,,
DIFICID,AR13,megacolon,AR13.N1,Megacolon,10027110,,,
DIFICID,AR14,increased blood alkaline phosphatase,AR14.N1,Blood alkaline phosphatase increased,10059570,,,
DIFICID,AR15,decreased blood bicarbonate,AR15.N1,Blood bicarbonate decreased,10005359,,,
DIFICID,AR16,increased hepatic enzymes,AR16.N1,Hepatic enzyme increased,10060795,,,
DIFICID,AR17,decreased platelet count,AR17.N1,Platelet count decreased,10035528,,,
DIFICID,AR18,hyperglycemia,AR18.N1,Hyperglycaemia,10020635,Hyperglycemia,10020639,
DIFICID,AR19,metabolic acidosis,AR19.N1,Metabolic acidosis,10027417,,,
DIFICID,AR20,drug eruption,AR20.N1,Drug eruption,10013687,,,
DIFICID,AR21,pruritus,AR21.N1,Pruritus,10037087,,,
DIFICID,AR22,rash,AR22.N1,Rash,10037844,,,
DIFICID,AR23,hypersensitivity reactions,AR23.N1,Hypersensitivity,10020751,Hypersensitivity reaction,10020756,
DIFICID,AR24,dyspnea,AR24.N1,Dyspnoea,10013968,Dyspnea,10013963,
DIFICID,AR25,angioedema,AR25.N1,Angioedema,10002424,,,
DIFICID,AR26,acute hypersensitivity reactions,AR26.N1,Hypersensitivity,10020751,Hypersensitivity reaction,10020756,
DIFICID,AR27,angioedema of the mouth,AR27.N1,Angioedema,10002424,,,
DIFICID,AR27,angioedema of the mouth,AR27.N2,Oedema mouth,10030110,Edema mouth,10054496,
DIFICID,AR28,angioedema of the throat,AR28.N1,Angioedema,10002424,,,
DIFICID,AR28,angioedema of the throat,AR28.N2,Pharyngeal oedema,10034829,Throat edema,10043519,
DIFICID,AR29,angioedema of the face,AR29.N1,Angioedema,10002424,,,
DIFICID,AR29,angioedema of the face,AR29.N2,Face oedema,10016029,Face edema,10016025,
EDARBI,AR1,diarrhea,AR1.N1,Diarrhoea,10012735,Diarrhea,10012727,
EDARBI,AR2,hypotension,AR2.N1,Hypotension,10021097,,,
EDARBI,AR3,orthostatic hypotension,AR3.N1,Orthostatic hypotension,10031127,,,
EDARBI,AR4,nausea,AR4.N1,Nausea,10028813,,,
EDARBI,AR5,asthenia,AR5.N1,Asthenia,10003549,,,
EDARBI,AR6,fatigue,AR6.N1,Fatigue,10016256,,,
EDARBI,AR7,muscle spasm,AR7.N1,Muscle spasms,10028334,Muscle spasm,10028333,
EDARBI,AR8,dizziness,AR8.N1,Dizziness,10013573,,,
EDARBI,AR9,dizziness postural,AR9.N1,Dizziness postural,10013578,,,
EDARBI,AR10,cough,AR10.N1,Cough,10011224,,,
EDARBI,AR11,increases in serum creatinine,AR11.N1,Blood creatinine increased,10005483,Serum creatinine increased,10040233,
EDARBI,AR12,serum creatinine increases,AR12.N1,Blood creatinine increased,10005483,Serum creatinine increased,10040233,
EDARBI,AR13,low hemoglobin,AR13.N1,Haemoglobin decreased,10018884,Hemoglobin low,10055600,
EDARBI,AR14,low hematocrit,AR14.N1,Haematocrit decreased,10018838,Hematocrit low,10060546,
EDARBI,AR15,low rbc counts,AR15.N1,Red blood cell count decreased,10038153,RBC decreased,10037926,
EDARBI,AR16,low platelet counts,AR16.N1,Platelet count decreased,10035528,Low platelets,10024922,
EDARBI,AR17,low wbc counts,AR17.N1,White blood cell count decreased,10047942,WBC decreased,10056731,
EDARBI,AR18,high wbc counts,AR18.N1,White blood cell count increased,10047943,WBC increased,10056739,
EDARBI,AR19,high platelet counts,AR19.N1,Platelet count increased,10051608,Platelet count high,10074399,
EDARBI,AR20,abnormal platelet counts,AR20.N1,Platelet count abnormal,10035526,,,
EDARBI,AR21,abnormal wbc counts,AR21.N1,White blood cell count abnormal,10047940,,,
EDARBI,AR22,muscle spasms,AR22.N1,Muscle spasms,10028334,,,
EDARBI,AR23,rash,AR23.N1,Rash,10037844,,,
EDARBI,AR24,pruritus,AR24.N1,Pruritus,10037087,,,
EDARBI,AR25,angioedema,AR25.N1,Angioedema,10002424,,,
EDARBI,AR26,fetal toxicity,AR26.N1,Maternal drugs affecting foetus,10026923,Drug toxicity NEC affecting foetus,10013750,
EDARBI,AR27,oligohydramnios,AR27.N1,Oligohydramnios,10030289,,,
EDARBI,AR28,fetal lung hypoplasia,AR28.N1,Pulmonary hypoplasia,10037407,"Agenesis, hypoplasia, and dysplasia of lung, congenital",10001479,
EDARBI,AR29,fetal skeletal deformations,AR29.N1,Congenital anomaly,10010356,,,
EDARBI,AR30,neonatal adverse effects,AR30.N1,Neonatal disorder,10028934,,,
EDARBI,AR31,neonatal skull hypoplasia,AR31.N1,Microcephaly,10027534,Skull hypoplasia,10073498,
EDARBI,AR32,neonatal anuria,AR32.N1,Neonatal anuria,10049778,,,
EDARBI,AR33,neonatal hypotension,AR33.N1,Neonatal hypotension,10049223,,,
EDARBI,AR34,neonatal renal failure,AR34.N1,Renal failure neonatal,10038447,,,
EDARBI,AR35,neonatal death,AR35.N1,Death neonatal,10011912,,,
EDARBI,AR36,symptomatic hypotension,AR36.N1,Hypotension,10021097,Hypotension symptomatic,10021105,
EDARBI,AR37,changes in renal function,AR37.N1,Renal impairment,10062237,Renal function abnormal,10038451,
IMBRUVICA,AR1,hemorrhage,AR1.N1,Haemorrhage,10055798,Hemorrhage,10019524,
IMBRUVICA,AR2,infections,AR2.N1,Infection,10021789,,,
IMBRUVICA,AR3,cytopenias,AR3.N1,Cytopenia,10066274,,,
IMBRUVICA,AR4,atrial fibrillation,AR4.N1,Atrial fibrillation,10003658,,,
IMBRUVICA,AR5,second primary malignancies,AR5.N1,Second primary malignancy,10039801,,,
IMBRUVICA,AR6,tumor lysis syndrome,AR6.N1,Tumour lysis syndrome,10045170,Tumor lysis syndrome,10045152,
IMBRUVICA,AR7,thrombocytopenia,AR7.N1,Thrombocytopenia,10043554,,,
IMBRUVICA,AR8,neutropenia,AR8.N1,Neutropenia,10029354,,,
IMBRUVICA,AR9,diarrhea,AR9.N1,Diarrhoea,10012735,Diarrhea,10012727,
IMBRUVICA,AR10,anemia,AR10.N1,Anaemia,10002034,Anemia,10002272,
IMBRUVICA,AR11,fatigue,AR11.N1,Fatigue,10016256,,,
IMBRUVICA,AR12,musculoskeletal pain,AR12.N1,Musculoskeletal pain,10028391,,,
IMBRUVICA,AR13,bruising,AR13.N1,Contusion,10050584,Bruising,10006504,
IMBRUVICA,AR14,nausea,AR14.N1,Nausea,10028813,,,
IMBRUVICA,AR15,upper respiratory tract infection,AR15.N1,Upper respiratory tract infection,10046306,,,
IMBRUVICA,AR16,rash,AR16.N1,Rash,10037844,,,
IMBRUVICA,AR17,peripheral edema,AR17.N1,Oedema peripheral,10030124,Peripheral edema,10034570,
IMBRUVICA,AR18,dyspnea,AR18.N1,Dyspnoea,10013968,Dyspnea,10013963,
IMBRUVICA,AR19,constipation,AR19.N1,Constipation,10010774,,,
IMBRUVICA,AR20,abdominal pain,AR20.N1,Abdominal pain,10000081,,,
IMBRUVICA,AR21,vomiting,AR21.N1,Vomiting,10047700,,,
IMBRUVICA,AR22,decreased appetite,AR22.N1,Decreased appetite,10061428,,,
IMBRUVICA,AR23,pneumonia,AR23.N1,Pneumonia,10035664,,,
IMBRUVICA,AR24,skin infections,AR24.N1,Skin infection,10040872,,,
IMBRUVICA,AR25,fatal,AR25.N1,Death,10011906,,,
IMBRUVICA,AR26,renal failure,AR26.N1,Renal failure,10038435,,,
IMBRUVICA,AR27,increases in creatinine,AR27.N1,Blood creatinine increased,10005483,Creatinine increased,10011368,
IMBRUVICA,AR28,stomatitis,AR28.N1,Stomatitis,10042128,,,
IMBRUVICA,AR29,dyspepsia,AR29.N1,Dyspepsia,10013946,,,
IMBRUVICA,AR30,urinary tract infection,AR30.N1,Urinary tract infection,10046571,,,
IMBRUVICA,AR31,sinusitis,AR31.N1,Sinusitis,10040753,,,
IMBRUVICA,AR32,pyrexia,AR32.N1,Pyrexia,10037660,,,
IMBRUVICA,AR33,asthenia,AR33.N1,Asthenia,10003549,,,
IMBRUVICA,AR34,petechiae,AR34.N1,Petechiae,10034754,,,
IMBRUVICA,AR35,muscle spasms,AR35.N1,Muscle spasms,10028334,,,
IMBRUVICA,AR36,arthralgia,AR36.N1,Arthralgia,10003239,,,
IMBRUVICA,AR37,cough,AR37.N1,Cough,10011224,,,
IMBRUVICA,AR38,epistaxis,AR38.N1,Epistaxis,10015090,,,
IMBRUVICA,AR39,dehydration,AR39.N1,Dehydration,10012174,,,
IMBRUVICA,AR40,dizziness,AR40.N1,Dizziness,10013573,,,
IMBRUVICA,AR41,headache,AR41.N1,Headache,10019211,,,
IMBRUVICA,AR42,decrease of hemoglobin,AR42.N1,Haemoglobin decreased,10018884,Decreased hemoglobin,10011964,
IMBRUVICA,AR43,decrease of platelets,AR43.N1,Platelet count decreased,10035528,Platelets decreased,10035545,
IMBRUVICA,AR44,decrease of neutrophils,AR44.N1,Neutrophil count decreased,10029366,,,
IMBRUVICA,AR45,platelets decreased,AR45.N1,Platelet count decreased,10035528,Platelets decreased,10035545,
IMBRUVICA,AR46,neutrophils decreased,AR46.N1,Neutrophil count decreased,10029366,,,
IMBRUVICA,AR47,hemoglobin decreased,AR47.N1,Haemoglobin decreased,10018884,Hemoglobin decreased,10019483,
IMBRUVICA,AR48,subdural hematoma,AR48.N1,Subdural haematoma,10042361,Subdural hematoma,10042380,
IMBRUVICA,AR49,elevated uric acid levels,AR49.N1,Blood uric acid increased,10005861,Uric acid increased,10066980,
IMBRUVICA,AR50,hyperuricemia,AR50.N1,Hyperuricaemia,10020903,Hyperuricemia,10020907,
IMBRUVICA,AR51,subdural hematomas,AR51.N1,Subdural haematoma,10042361,Subdural hematoma,10042380,
IMBRUVICA,AR52,skin infection,AR52.N1,Skin infection,10040872,,,
IMBRUVICA,AR53,chills,AR53.N1,Chills,10008531,,,
IMBRUVICA,AR54,oropharyngeal pain,AR54.N1,Oropharyngeal pain,10068319,,,
IMBRUVICA,AR55,peripheral neuropathy,AR55.N1,Neuropathy peripheral,10029331,,,
IMBRUVICA,AR56,second malignancies,AR56.N1,Second primary malignancy,10039801,,,
IMBRUVICA,AR57,laceration,AR57.N1,Laceration,10023572,,,
IMBRUVICA,AR58,anxiety,AR58.N1,Anxiety,10002855,,,
IMBRUVICA,AR59,insomnia,AR59.N1,Insomnia,10022437,,,
IMBRUVICA,AR60,hypertension,AR60.N1,Hypertension,10020772,,,
IMBRUVICA,AR61,contusion,AR61.N1,Contusion,10050584,,,
IMBRUVICA,AR62,vision blurred,AR62.N1,Vision blurred,10047513,,,
IMBRUVICA,AR63,gastroesophageal reflux disease,AR63.N1,Gastrooesophageal reflux disease,10017885,Gastroesophageal reflux disease,10066874,
IMBRUVICA,AR64,pruritus,AR64.N1,Pruritus,10037087,,,
IMBRUVICA,AR65,arthropathy,AR65.N1,Arthropathy,10003285,,,
IMBRUVICA,AR66,skin cancer,AR66.N1,Skin cancer,10040808,,,
IMBRUVICA,AR67,hypersensitivity reactions,AR67.N1,Hypersensitivity,10020751,Hypersensitivity reaction,10020756,
IMBRUVICA,AR68,anaphylactic shock,AR68.N1,Anaphylactic shock,10002199,,,
IMBRUVICA,AR69,urticaria,AR69.N1,Urticaria,10046735,,,
IMBRUVICA,AR70,angioedema,AR70.N1,Angioedema,10002424,,,
IMBRUVICA,AR71,malignancies,AR71.N1,Neoplasm malignant,10028997,,,
IMBRUVICA,AR72,skin cancers,AR72.N1,Skin cancer,10040808,,,
IMBRUVICA,AR73,carcinomas,AR73.N1,Neoplasm malignant,10028997,Carcinoma,10007284,
IMBRUVICA,AR74,tls,AR74.N1,Tumour lysis syndrome,10045170,Tumor lysis syndrome,10045152,
IMBRUVICA,AR75,embryo-fetal toxicity,AR75.N1,Maternal drugs affecting foetus,10026923,Drug toxicity NEC affecting foetus,10013750,
IMBRUVICA,AR76,fetal harm,AR76.N1,Foetal damage,10016852,Fetal damage,10054743,
IMBRUVICA,AR77,bleeding events,AR77.N1,Haemorrhage,10055798,Bleeding,10005103,
IMBRUVICA,AR78,gastrointestinal bleeding,AR78.N1,Gastrointestinal haemorrhage,10017955,Gastrointestinal bleeding,10017936,
IMBRUVICA,AR79,hematuria,AR79.N1,Haematuria,10018867,Hematuria,10019450,
IMBRUVICA,AR80,post procedural hemorrhage,AR80.N1,Post procedural haemorrhage,10051077,Post procedural hemorrhage,10055320,
IMBRUVICA,AR81,bleeding,AR81.N1,Haemorrhage,10055798,Bleeding,10005103,
IMBRUVICA,AR82,progressive multifocal leukoencephalopathy,AR82.N1,Progressive multifocal leukoencephalopathy,10036807,,,
IMBRUVICA,AR83,pml,AR83.N1,Progressive multifocal leukoencephalopathy,10036807,,,
IMBRUVICA,AR84,atrial flutter,AR84.N1,Atrial flutter,10003662,,,
IMBRUVICA,AR85,non-skin carcinomas,AR85.N1,Neoplasm malignant,10028997,Carcinoma,10007284,
IMBRUVICA,AR86,second primary malignancy,AR86.N1,Second primary malignancy,10039801,,,
IMBRUVICA,AR87,non-melanoma skin cancer,AR87.N1,Skin cancer,10040808,Cancer of skin (excl melanoma),10007116,
IMBRUVICA,AR88,reduced fetal weights,AR88.N1,Foetal growth restriction,10070531,Fetal growth restriction,10070532,
DUREZOL,AR1,ocular adverse reactions,AR1.N1,Eye symptom,10075536,,,
DUREZOL,AR2,corneal edema,AR2.N1,Corneal oedema,10011033,Corneal edema,10011007,
DUREZOL,AR3,ciliary hyperemia,AR3.N1,Ciliary hyperaemia,10052129,Ciliary hyperemia,10054354,
DUREZOL,AR4,conjunctival hyperemia,AR4.N1,Conjunctival hyperaemia,10051625,Conjunctival hyperemia,10054364,
DUREZOL,AR5,eye pain,AR5.N1,Eye pain,10015958,,,
DUREZOL,AR6,photophobia,AR6.N1,Photophobia,10034960,,,
DUREZOL,AR7,posterior capsule opacification,AR7.N1,Posterior capsule opacification,10036346,,,
DUREZOL,AR8,anterior chamber cells,AR8.N1,Anterior chamber cell,10053781,,,
DUREZOL,AR9,anterior chamber flare,AR9.N1,Anterior chamber flare,10052127,,,
DUREZOL,AR10,conjunctival edema,AR10.N1,Conjunctival oedema,10010726,Conjunctival edema,10010715,
DUREZOL,AR11,blepharitis,AR11.N1,Blepharitis,10005148,,,
DUREZOL,AR12,reduced visual acuity,AR12.N1,Visual acuity reduced,10047531,,,
DUREZOL,AR13,punctate keratitis,AR13.N1,Punctate keratitis,10037508,,,
DUREZOL,AR14,eye inflammation,AR14.N1,Eye inflammation,10015943,,,
DUREZOL,AR15,iritis,AR15.N1,Iritis,10022955,,,
DUREZOL,AR16,application site discomfort,AR16.N1,Application site discomfort,10063072,,,
DUREZOL,AR17,application site irritation,AR17.N1,Application site irritation,10003046,,,
DUREZOL,AR18,corneal pigmentation,AR18.N1,Corneal pigmentation,10011040,,,
DUREZOL,AR19,corneal striae,AR19.N1,Corneal striae,10052118,,,
DUREZOL,AR20,episcleritis,AR20.N1,Episcleritis,10015084,,,
DUREZOL,AR21,eye pruritis,AR21.N1,Eye pruritus,10052140,,,
DUREZOL,AR22,eyelid irritation,AR22.N1,Eyelid irritation,10057385,,,
DUREZOL,AR23,eyelid crusting,AR23.N1,Eyelid margin crusting,10052132,,,
DUREZOL,AR24,foreign body sensation,AR24.N1,Sensation of foreign body,10061549,,,
DUREZOL,AR25,increased lacrimation,AR25.N1,Lacrimation increased,10023644,,,
DUREZOL,AR26,macular edema,AR26.N1,Macular oedema,10025415,Macular edema,10054467,
DUREZOL,AR27,sclera hyperemia,AR27.N1,Scleral hyperaemia,10059096,Scleral hyperemia,10059104,
DUREZOL,AR28,uveitis,AR28.N1,Uveitis,10046851,,,
DUREZOL,AR29,blurred vision,AR29.N1,Vision blurred,10047513,Blurred vision,10005886,
DUREZOL,AR30,eye irritation,AR30.N1,Eye irritation,10015946,,,
DUREZOL,AR31,headache,AR31.N1,Headache,10019211,,,
DUREZOL,AR32,increased iop,AR32.N1,Intraocular pressure increased,10022806,,,
DUREZOL,AR33,limbal hyperemia,AR33.N1,Ciliary hyperaemia,10052129,Limbal hyperemia,10063468,
DUREZOL,AR34,dry eye,AR34.N1,Dry eye,10013774,,,
DUREZOL,AR35,iridocyclitis,AR35.N1,Iridocyclitis,10022941,,,
DUREZOL,AR36,intraocular pressure increase,AR36.N1,Intraocular pressure increased,10022806,,,
DUREZOL,AR37,iop increase,AR37.N1,Intraocular pressure increased,10022806,Increased intraocular pressure,10021667,
ZYKADIA,AR1,gastrointestinal toxicity,AR1.N1,Gastrointestinal toxicity,10059024,,,
ZYKADIA,AR2,hepatotoxicity,AR2.N1,Hepatotoxicity,10019851,,,
ZYKADIA,AR3,interstitial lung disease,AR3.N1,Interstitial lung disease,10022611,,,
ZYKADIA,AR4,pneumonitis,AR4.N1,Pneumonitis,10035742,,,
ZYKADIA,AR5,qt interval prolongation,AR5.N1,Electrocardiogram QT prolonged,10014387,QT interval prolonged,10037703,
ZYKADIA,AR6,hyperglycemia,AR6.N1,Hyperglycaemia,10020635,Hyperglycemia,10020639,
ZYKADIA,AR7,bradycardia,AR7.N1,Bradycardia,10006093,,,
ZYKADIA,AR8,pancreatitis,AR8.N1,Pancreatitis,10033645,,,
ZYKADIA,AR9,diarrhea,AR9.N1,Diarrhoea,10012735,Diarrhea,10012727,
ZYKADIA,AR10,nausea,AR10.N1,Nausea,10028813,,,
ZYKADIA,AR11,elevated transaminases,AR11.N1,Transaminases increased,10054889,,,
ZYKADIA,AR12,vomiting,AR12.N1,Vomiting,10047700,,,
ZYKADIA,AR13,abdominal pain,AR13.N1,Abdominal pain,10000081,,,
ZYKADIA,AR14,fatigue,AR14.N1,Fatigue,10016256,,,
ZYKADIA,AR15,decreased appetite,AR15.N1,Decreased appetite,10061428,,,
ZYKADIA,AR16,constipation,AR16.N1,Constipation,10010774,,,
ZYKADIA,AR17,increased alt,AR17.N1,Alanine aminotransferase increased,10001551,ALT increased,10001845,
ZYKADIA,AR18,increased ast,AR18.N1,Aspartate aminotransferase increased,10003481,AST increased,10003544,
ZYKADIA,AR19,convulsion,AR19.N1,Seizure,10039906,Convulsion,10010904,
ZYKADIA,AR20,pneumonia,AR20.N1,Pneumonia,10035664,,,
ZYKADIA,AR21,ild,AR21.N1,Interstitial lung disease,10022611,,,
ZYKADIA,AR22,dyspnea,AR22.N1,Dyspnoea,10013968,Dyspnea,10013963,
ZYKADIA,AR23,dehydration,AR23.N1,Dehydration,10012174,,,
ZYKADIA,AR24,fatal,AR24.N1,Death,10011906,,,
ZYKADIA,AR25,respiratory failure,AR25.N1,Respiratory failure,10038695,,,
ZYKADIA,AR26,pneumothorax,AR26.N1,Pneumothorax,10035759,,,
ZYKADIA,AR27,gastric hemorrhage,AR27.N1,Gastric haemorrhage,10017788,Gastric hemorrhage,10017789,
ZYKADIA,AR28,general physical health deterioration,AR28.N1,General physical health deterioration,10049438,,,
ZYKADIA,AR29,pulmonary tuberculosis,AR29.N1,Pulmonary tuberculosis,10037440,,,
ZYKADIA,AR30,cardiac tamponade,AR30.N1,Cardiac tamponade,10007610,,,
ZYKADIA,AR31,sepsis,AR31.N1,Sepsis,10040047,,,
ZYKADIA,AR32,upper abdominal pain,AR32.N1,Abdominal pain upper,10000087,Upper abdominal pain,10046272,
ZYKADIA,AR33,abdominal discomfort,AR33.N1,Abdominal discomfort,10000059,,,
ZYKADIA,AR34,epigastric discomfort,AR34.N1,Epigastric discomfort,10053155,,,
ZYKADIA,AR35,esophageal disorder,AR35.N1,Oesophageal disorder,10061318,Esophageal disorder,10015380,
ZYKADIA,AR36,dyspepsia,AR36.N1,Dyspepsia,10013946,,,
ZYKADIA,AR37,gastroesophageal reflux disease,AR37.N1,Gastrooesophageal reflux disease,10017885,Gastroesophageal reflux disease,10066874,
ZYKADIA,AR38,dysphagia,AR38.N1,Dysphagia,10013950,,,
ZYKADIA,AR39,asthenia,AR39.N1,Asthenia,10003549,,,
ZYKADIA,AR40,rash,AR40.N1,Rash,10037844,,,
ZYKADIA,AR41,maculopapular rash,AR41.N1,Rash maculo-papular,10037868,Maculopapular rash,10025424,
ZYKADIA,AR42,acneiform dermatitis,AR42.N1,Dermatitis acneiform,10012432,Acneiform dermatitis,10000520,
ZYKADIA,AR43,neuropathy,AR43.N1,Neuropathy peripheral,10029331,Neuropathy,10029328,
ZYKADIA,AR44,paresthesia,AR44.N1,Paraesthesia,10033775,Paresthesia,10033987,
ZYKADIA,AR45,muscular weakness,AR45.N1,Muscular weakness,10028372,,,
ZYKADIA,AR46,gait disturbance,AR46.N1,Gait disturbance,10017577,,,
ZYKADIA,AR47,peripheral neuropathy,AR47.N1,Neuropathy peripheral,10029331,,,
ZYKADIA,AR48,hypoesthesia,AR48.N1,Hypoaesthesia,10020937,Hypoesthesia,10020976,
ZYKADIA,AR49,peripheral sensory neuropathy,AR49.N1,Peripheral sensory neuropathy,10034620,,,
ZYKADIA,AR50,dysesthesia,AR50.N1,Dysaesthesia,10013886,Dysesthesia,10062872,
ZYKADIA,AR51,neuralgia,AR51.N1,Neuralgia,10029223,,,
ZYKADIA,AR52,peripheral motor neuropathy,AR52.N1,Peripheral motor neuropathy,10034580,,,
ZYKADIA,AR53,hypotonia,AR53.N1,Hypotonia,10021118,,,
ZYKADIA,AR54,polyneuropathy,AR54.N1,Polyneuropathy,10036105,,,
ZYKADIA,AR55,vision disorder,AR55.N1,Vision disorders,10047518,,,HLGT
ZYKADIA,AR56,vision impairment,AR56.N1,Visual impairment,10047571,,,
ZYKADIA,AR57,blurred vision,AR57.N1,Vision blurred,10047513,Blurred vision,10005886,
ZYKADIA,AR58,photopsia,AR58.N1,Photopsia,10034962,,,
ZYKADIA,AR59,accommodation disorder,AR59.N1,Accommodation disorder,10000389,,,
ZYKADIA,AR60,presbyopia,AR60.N1,Presbyopia,10036628,,,
ZYKADIA,AR61,reduced visual acuity,AR61.N1,Visual acuity reduced,10047531,,,
ZYKADIA,AR62,prolonged qt interval,AR62.N1,Electrocardiogram QT prolonged,10014387,QT interval prolonged,10037703,
ZYKADIA,AR63,hemoglobin decreased,AR63.N1,Haemoglobin decreased,10018884,Hemoglobin decreased,10019483,
ZYKADIA,AR64,alanine transaminase increased,AR64.N1,Alanine aminotransferase increased,10001551,,,
ZYKADIA,AR65,alt increased,AR65.N1,Alanine aminotransferase increased,10001551,ALT increased,10001845,
ZYKADIA,AR66,aspartate transaminase increased,AR66.N1,Aspartate aminotransferase increased,10003481,,,
ZYKADIA,AR67,ast increased,AR67.N1,Aspartate aminotransferase increased,10003481,AST increased,10003544,
ZYKADIA,AR68,creatinine increased,AR68.N1,Blood creatinine increased,10005483,Creatinine increased,10011368,
ZYKADIA,AR69,glucose increased,AR69.N1,Blood glucose increased,10005557,Glucose increased,10018421,
ZYKADIA,AR70,phosphate decreased,AR70.N1,Blood phosphorus decreased,10049471,Phosphate decreased,10034930,
ZYKADIA,AR71,lipase increased,AR71.N1,Lipase increased,10024574,,,
ZYKADIA,AR72,bilirubin total increased,AR72.N1,Blood bilirubin increased,10005364,Bilirubin total increased,10056806,
ZYKADIA,AR73,qtc interval prolongation,AR73.N1,Electrocardiogram QT prolonged,10014387,Electrocardiogram QTc interval prolonged,10053698,
ZYKADIA,AR74,elevations of lipase,AR74.N1,Lipase increased,10024574,,,
ZYKADIA,AR75,elevations of amylase,AR75.N1,Amylase increased,10002016,,,
ZYKADIA,AR76,embryofetal toxicity,AR76.N1,Maternal drugs affecting foetus,10026923,Drug toxicity NEC affecting foetus,10013750,
ZYKADIA,AR77,fetal harm,AR77.N1,Foetal damage,10016852,Fetal damage,10054743,
ZYKADIA,AR78,elevations in alanine aminotransferase,AR78.N1,Alanine aminotransferase increased,10001551,,,
ZYKADIA,AR79,jaundice,AR79.N1,Jaundice,10023126,,,
ZYKADIA,AR80,elevations in alt,AR80.N1,Alanine aminotransferase increased,10001551,ALT increased,10001845,
ZYKADIA,AR81,total bilirubin 2 times the uln,AR81.N1,Blood bilirubin increased,10005364,Bilirubin total increased,10056806,
ZYKADIA,AR82,ventricular tachyarrhythmias,AR82.N1,Ventricular tachyarrhythmia,10065341,,,
ZYKADIA,AR83,torsade de pointes,AR83.N1,Torsade de pointes,10044066,,,
ZYKADIA,AR84,sudden death,AR84.N1,Sudden death,10042434,,,
ZYKADIA,AR85,qtc interval increase,AR85.N1,Electrocardiogram QT prolonged,10014387,Electrocardiogram QTc interval prolonged,10053698,
ZYKADIA,AR86,qtc greater than 500 msec,AR86.N1,Electrocardiogram QT prolonged,10014387,Electrocardiogram QTc interval prolonged,10053698,
ZYKADIA,AR87,increase from baseline qtc,AR87.N1,Electrocardiogram QT prolonged,10014387,Electrocardiogram QTc interval prolonged,10053698,
ZYKADIA,AR88,increases in the qtc interval,AR88.N1,Electrocardiogram QT prolonged,10014387,Electrocardiogram QTc interval prolonged,10053698,
ZYKADIA,AR89,sinus bradycardia,AR89.N1,Sinus bradycardia,10040741,,,
ZYKADIA,AR90,heart rate of less than 50 beats per minute,AR90.N1,Heart rate decreased,10019301,,,
ZYKADIA,AR91,fatality,AR91.N1,Death,10011906,,,
CHOLINE,AR1,injection site reaction,AR1.N1,Injection site reaction,10022095,,,
CHOLINE,AR2,allergic reactions,AR2.N1,Hypersensitivity,10020751,Allergic reaction,10001718,
CHOLINE,AR3,radiation risk,AR3.N1,Exposure to radiation,10073306,,,
CHOLINE,AR4,anaphylaxis,AR4.N1,Anaphylactic reaction,10002198,Anaphylaxis,10002218,
CHOLINE,AR5,cancer,AR5.N1,Neoplasm malignant,10028997,Cancer,10007050,
ERWINAZE,AR1,hypersensitivity reactions,AR1.N1,Hypersensitivity,10020751,Hypersensitivity reaction,10020756,
ERWINAZE,AR2,pancreatitis,AR2.N1,Pancreatitis,10033645,,,
ERWINAZE,AR3,glucose intolerance,AR3.N1,Glucose tolerance impaired,10018429,Glucose intolerance,10052426,
ERWINAZE,AR4,thrombosis,AR4.N1,Thrombosis,10043607,,,
ERWINAZE,AR5,hemorrhage,AR5.N1,Haemorrhage,10055798,Hemorrhage,10019524,
ERWINAZE,AR6,systemic hypersensitivity,AR6.N1,Hypersensitivity,10020751,Systemic allergic reaction,10066472,
ERWINAZE,AR7,hyperglycemia,AR7.N1,Hyperglycaemia,10020635,Hyperglycemia,10020639,
ERWINAZE,AR8,transaminases abnormal,AR8.N1,Transaminases abnormal,10062688,,,
ERWINAZE,AR9,fever,AR9.N1,Pyrexia,10037660,Fever,10016558,
ERWINAZE,AR10,local reactions,AR10.N1,Local reaction,10024769,,,
ERWINAZE,AR11,vomiting,AR11.N1,Vomiting,10047700,,,
ERWINAZE,AR12,nausea,AR12.N1,Nausea,10028813,,,
ERWINAZE,AR13,hyperbilirubinemia,AR13.N1,Hyperbilirubinaemia,10020578,Hyperbilirubinemia,10020582,
ERWINAZE,AR14,abdominal pain,AR14.N1,Abdominal pain,10000081,,,
ERWINAZE,AR15,abdominal discomfort,AR15.N1,Abdominal discomfort,10000059,,,
ERWINAZE,AR16,diarrhea,AR16.N1,Diarrhoea,10012735,Diarrhea,10012727,
ERWINAZE,AR17,allergic reactions,AR17.N1,Hypersensitivity,10020751,Allergic reaction,10001718,
ERWINAZE,AR18,allergy,AR18.N1,Hypersensitivity,10020751,Allergy,10001738,
ERWINAZE,AR19,coagulopathy,AR19.N1,Coagulopathy,10009802,,,
ERWINAZE,AR20,infarct,AR20.N1,Infarction,10061216,,,
ERWINAZE,AR21,hyperlipidemia,AR21.N1,Hyperlipidaemia,10062060,Hyperlipidemia,10020667,
ERWINAZE,AR22,ketoacidosis,AR22.N1,Ketoacidosis,10023379,,,
ERWINAZE,AR23,cns events,AR23.N1,Nervous system disorder,10029202,,,
ERWINAZE,AR24,cns hemorrhage,AR24.N1,Central nervous system haemorrhage,10072043,Central nervous system hemorrhage,10072051,
ERWINAZE,AR25,cns thrombosis,AR25.N1,Nervous system disorder,10029202,,,
ERWINAZE,AR25,cns thrombosis,AR25.N2,Thrombosis,10043607,,,
ERWINAZE,AR26,cns infarction,AR26.N1,Nervous system disorder,10029202,,,
ERWINAZE,AR26,cns infarction,AR26.N2,Infarction,10061216,,,
ERWINAZE,AR27,cerebral venous thrombosis,AR27.N1,Cerebral venous thrombosis,10008138,,,
ERWINAZE,AR28,hypersensitivity reaction,AR28.N1,Hypersensitivity,10020751,Hypersensitivity reaction,10020756,
ERWINAZE,AR29,anaphylaxis,AR29.N1,Anaphylactic reaction,10002198,Anaphylaxis,10002218,
ERWINAZE,AR30,hemorrhagic pancreatitis,AR30.N1,Pancreatitis haemorrhagic,10033650,Hemorrhagic pancreatitis,10019607,
ERWINAZE,AR31,thrombotic events,AR31.N1,Thrombosis,10043607,,,
ERWINAZE,AR32,sagittal sinus thrombosis,AR32.N1,Superior sagittal sinus thrombosis,10042567,Sagittal sinus thrombosis,10039369,
ERWINAZE,AR33,pulmonary embolism,AR33.N1,Pulmonary embolism,10037377,,,
ERWINAZE,AR34,coagulation proteins decreased,AR34.N1,Coagulation factor decreased,10009736,,,
ERWINAZE,AR35,decreased fibrinogen,AR35.N1,Blood fibrinogen decreased,10005520,Fibrinogen decreased,10016596,
ERWINAZE,AR36,decreased protein c activity,AR36.N1,Protein C decreased,10037005,,,
ERWINAZE,AR37,decreased protein s activity,AR37.N1,Protein S decreased,10051120,,,
ERWINAZE,AR38,decreased anti-thrombin iii,AR38.N1,Antithrombin III decreased,10049547,,,
SAPHRIS,AR1,neuroleptic malignant syndrome,AR1.N1,Neuroleptic malignant syndrome,10029282,,,
SAPHRIS,AR2,tardive dyskinesia,AR2.N1,Tardive dyskinesia,10043118,,,
SAPHRIS,AR3,metabolic changes,AR3.N1,Metabolic disorder,10058097,,,
SAPHRIS,AR4,hypersensitivity reactions,AR4.N1,Hypersensitivity,10020751,Hypersensitivity reaction,10020756,
SAPHRIS,AR5,application site reactions,AR5.N1,Application site reaction,10003055,,,
SAPHRIS,AR6,application site oral ulcers,AR6.N1,Mouth ulceration,10028034,Oral ulceration,10031027,
SAPHRIS,AR6,application site oral ulcers,AR6.N2,Application site ulcer,10003059,,,
SAPHRIS,AR7,application site blisters,AR7.N1,Application site vesicles,10048941,Application site blister,10053414,
SAPHRIS,AR8,application site peeling,AR8.N1,Application site exfoliation,10064578,Application site peeling,10065578,
SAPHRIS,AR9,application site sloughing,AR9.N1,Application site exfoliation,10064578,,,
SAPHRIS,AR10,application site inflammation,AR10.N1,Application site inflammation,10049042,,,
SAPHRIS,AR11,orthostatic hypotension,AR11.N1,Orthostatic hypotension,10031127,,,
SAPHRIS,AR12,syncope,AR12.N1,Syncope,10042772,,,
SAPHRIS,AR13,hemodynamic effects,AR13.N1,Haemodynamic instability,10052076,Hemodynamic instability,10058270,
SAPHRIS,AR14,leukopenia,AR14.N1,Leukopenia,10024384,,,
SAPHRIS,AR15,neutropenia,AR15.N1,Neutropenia,10029354,,,
SAPHRIS,AR16,agranulocytosis,AR16.N1,Agranulocytosis,10001507,,,
SAPHRIS,AR17,qt interval prolongation,AR17.N1,Electrocardiogram QT prolonged,10014387,QT interval prolonged,10037703,
SAPHRIS,AR18,hyperprolactinemia,AR18.N1,Hyperprolactinaemia,10020737,Hyperprolactinemia,10020739,
SAPHRIS,AR19,seizures,AR19.N1,Seizure,10039906,Seizures,10039910,
SAPHRIS,AR20,cognitive impairment,AR20.N1,Cognitive disorder,10057668,Cognitive impairment,10009846,
SAPHRIS,AR21,motor impairment,AR21.N1,Motor dysfunction,10061296,,,
SAPHRIS,AR22,suicide,AR22.N1,Completed suicide,10010144,Suicide,10042462,
SAPHRIS,AR23,dysphagia,AR23.N1,Dysphagia,10013950,,,
SAPHRIS,AR24,akathisia,AR24.N1,Akathisia,10001540,,,
SAPHRIS,AR25,oral hypoesthesia,AR25.N1,Hypoaesthesia oral,10057371,,,
SAPHRIS,AR26,somnolence,AR26.N1,Somnolence,10041349,,,
SAPHRIS,AR27,dizziness,AR27.N1,Dizziness,10013573,,,
SAPHRIS,AR28,extrapyramidal symptoms,AR28.N1,Extrapyramidal disorder,10015832,Extrapyramidal symptoms,10015835,
SAPHRIS,AR29,increased weight,AR29.N1,Weight increased,10047899,,,
SAPHRIS,AR30,dysgeusia,AR30.N1,Dysgeusia,10013911,,,
SAPHRIS,AR31,oral paresthesia,AR31.N1,Paraesthesia oral,10057372,Paresthesia oral,10054537,
SAPHRIS,AR32,nausea,AR32.N1,Nausea,10028813,,,
SAPHRIS,AR33,increased appetite,AR33.N1,Increased appetite,10021654,,,
SAPHRIS,AR34,fatigue,AR34.N1,Fatigue,10016256,,,
SAPHRIS,AR35,hyperkinesia,AR35.N1,Hyperkinesia,10020651,,,
SAPHRIS,AR36,dystonia,AR36.N1,Dystonia,10013983,,,
SAPHRIS,AR37,oculogyration,AR37.N1,Oculogyric crisis,10030071,Oculogyration,10061552,
SAPHRIS,AR38,dyskinesia,AR38.N1,Dyskinesia,10013916,,,
SAPHRIS,AR39,muscle rigidity,AR39.N1,Muscle rigidity,10028330,,,
SAPHRIS,AR40,parkinsonism,AR40.N1,Parkinsonism,10034010,,,
SAPHRIS,AR41,tremor,AR41.N1,Tremor,10044565,,,
SAPHRIS,AR42,extrapyramidal disorder,AR42.N1,Extrapyramidal disorder,10015832,,,
SAPHRIS,AR43,sedation,AR43.N1,Sedation,10039897,,,
SAPHRIS,AR44,hypersomnia,AR44.N1,Hypersomnia,10020765,,,
SAPHRIS,AR45,constipation,AR45.N1,Constipation,10010774,,,
SAPHRIS,AR46,dry mouth,AR46.N1,Dry mouth,10013781,,,
SAPHRIS,AR47,salivary hypersecretion,AR47.N1,Salivary hypersecretion,10039424,,,
SAPHRIS,AR48,stomach discomfort,AR48.N1,Abdominal discomfort,10000059,Stomach discomfort,10042101,
SAPHRIS,AR49,vomiting,AR49.N1,Vomiting,10047700,,,
SAPHRIS,AR50,irritability,AR50.N1,Irritability,10022998,,,
SAPHRIS,AR51,insomnia,AR51.N1,Insomnia,10022437,,,
SAPHRIS,AR52,hypertension,AR52.N1,Hypertension,10020772,,,
SAPHRIS,AR53,anxiety,AR53.N1,Anxiety,10002855,,,
SAPHRIS,AR54,blepharospasm,AR54.N1,Blepharospasm,10005159,,,
SAPHRIS,AR55,torticollis,AR55.N1,Torticollis,10044074,,,
SAPHRIS,AR56,gait disturbance,AR56.N1,Gait disturbance,10017577,,,
SAPHRIS,AR57,masked facies,AR57.N1,Masked facies,10026863,,,
SAPHRIS,AR58,dyspepsia,AR58.N1,Dyspepsia,10013946,,,
SAPHRIS,AR59,toothache,AR59.N1,Toothache,10044055,,,
SAPHRIS,AR60,arthralgia,AR60.N1,Arthralgia,10003239,,,
SAPHRIS,AR61,pain in extremity,AR61.N1,Pain in extremity,10033425,,,
SAPHRIS,AR62,headache,AR62.N1,Headache,10019211,,,
SAPHRIS,AR63,depression,AR63.N1,Depression,10012378,,,
SAPHRIS,AR64,abdominal pain,AR64.N1,Abdominal pain,10000081,,,
SAPHRIS,AR65,tachycardia,AR65.N1,Tachycardia,10043071,,,
SAPHRIS,AR66,heart rate increased,AR66.N1,Heart rate increased,10019303,,,
SAPHRIS,AR67,oral dysesthesia,AR67.N1,Oral dysaesthesia,10050820,Oral dysesthesia,10054520,
SAPHRIS,AR68,abdominal pain upper,AR68.N1,Abdominal pain upper,10000087,,,
SAPHRIS,AR69,abdominal pain lower,AR69.N1,Abdominal pain lower,10000084,,,
SAPHRIS,AR70,abdominal discomfort,AR70.N1,Abdominal discomfort,10000059,,,
SAPHRIS,AR71,lethargy,AR71.N1,Lethargy,10024264,,,
SAPHRIS,AR72,hyperinsulinemia,AR72.N1,Hyperinsulinaemia,10060378,Hyperinsulinemia,10020643,
SAPHRIS,AR73,blood insulin increased,AR73.N1,Blood insulin increased,10005614,,,
SAPHRIS,AR74,oral paraesthesia,AR74.N1,Paraesthesia oral,10057372,,,
SAPHRIS,AR75,glossodynia,AR75.N1,Glossodynia,10018388,,,
SAPHRIS,AR76,muscle strain,AR76.N1,Muscle strain,10050031,,,
SAPHRIS,AR77,alt increased,AR77.N1,Alanine aminotransferase increased,10001551,ALT increased,10001845,
SAPHRIS,AR78,ast increased,AR78.N1,Aspartate aminotransferase increased,10003481,AST increased,10003544,
SAPHRIS,AR79,dehydration,AR79.N1,Dehydration,10012174,,,
SAPHRIS,AR80,myalgia,AR80.N1,Myalgia,10028411,,,
SAPHRIS,AR81,suicidal ideation,AR81.N1,Suicidal ideation,10042458,,,
SAPHRIS,AR82,anger,AR82.N1,Anger,10002368,,,
SAPHRIS,AR83,dysmenorrhea,AR83.N1,Dysmenorrhoea,10013935,Dysmenorrhea,10013934,
SAPHRIS,AR84,oropharyngeal pain,AR84.N1,Oropharyngeal pain,10068319,,,
SAPHRIS,AR85,nasal congestion,AR85.N1,Nasal congestion,10028735,,,
SAPHRIS,AR86,dyspnea,AR86.N1,Dyspnoea,10013968,Dyspnea,10013963,
SAPHRIS,AR87,rash,AR87.N1,Rash,10037844,,,
SAPHRIS,AR88,bipolar i disorder,AR88.N1,Bipolar I disorder,10004939,,,
SAPHRIS,AR89,depressive symptoms,AR89.N1,Depressive symptom,10054089,,,
SAPHRIS,AR90,edema peripheral,AR90.N1,Oedema peripheral,10030124,Edema peripheral,10014251,
SAPHRIS,AR91,prolonged abnormal contractions of muscle groups,AR91.N1,,,,,unmapped
SAPHRIS,AR92,dystonic symptoms,AR92.N1,Dystonia,10013983,,,
SAPHRIS,AR93,spasm of the neck muscles,AR93.N1,Muscle spasms,10028334,Neck cramps,10028828,
SAPHRIS,AR94,tightness of the throat,AR94.N1,Throat tightness,10043528,,,
SAPHRIS,AR95,swallowing difficulty,AR95.N1,Dysphagia,10013950,Swallowing difficult,10042645,
SAPHRIS,AR96,difficulty breathing,AR96.N1,Dyspnoea,10013968,Difficulty breathing,10012791,
SAPHRIS,AR97,protrusion of the tongue,AR97.N1,Protrusion tongue,10037076,,,
SAPHRIS,AR98,acute dystonia,AR98.N1,Dystonia,10013983,Acute dystonia,10066608,
SAPHRIS,AR99,eps,AR99.N1,Extrapyramidal disorder,10015832,Extrapyramidal symptoms,10015835,
SAPHRIS,AR100,dyskinesias,AR100.N1,Dyskinesia,10013916,,,
SAPHRIS,AR101,eps-related events,AR101.N1,Extrapyramidal disorder,10015832,Extrapyramidal symptoms,10015835,
SAPHRIS,AR102,bradykinesia,AR102.N1,Bradykinesia,10006100,,,
SAPHRIS,AR103,oromandibular dystonia,AR103.N1,Oromandibular dystonia,10067954,,,
SAPHRIS,AR104,muscle contractions involuntary,AR104.N1,Muscle contractions involuntary,10028293,,,
SAPHRIS,AR105,muscle twitching,AR105.N1,Muscle twitching,10028347,,,
SAPHRIS,AR106,musculoskeletal stiffness,AR106.N1,Musculoskeletal stiffness,10052904,,,
SAPHRIS,AR107,protrusion tongue,AR107.N1,Protrusion tongue,10037076,,,
SAPHRIS,AR108,resting tremor,AR108.N1,Resting tremor,10071390,,,
SAPHRIS,AR109,elevations in serum transaminases,AR109.N1,Transaminases increased,10054889,Serum transaminase increased,10040421,
SAPHRIS,AR110,elevations in alt,AR110.N1,Alanine aminotransferase increased,10001551,ALT increased,10001845,
SAPHRIS,AR111,increase in transaminase levels,AR111.N1,Transaminases increased,10054889,,,
SAPHRIS,AR112,transaminase elevations,AR112.N1,Transaminases increased,10054889,,,
SAPHRIS,AR113,increase of alt,AR113.N1,Alanine aminotransferase increased,10001551,ALT increased,10001845,
SAPHRIS,AR114,alt elevations,AR114.N1,Alanine aminotransferase increased,10001551,ALT increased,10001845,
SAPHRIS,AR115,decreases in prolactin levels,AR115.N1,Blood prolactin decreased,10005779,Prolactin levels decreased,10036827,
SAPHRIS,AR116,prolactin elevations,AR116.N1,Blood prolactin increased,10005780,Prolactin increased,10036826,
SAPHRIS,AR117,increase in prolactin levels,AR117.N1,Blood prolactin increased,10005780,Prolactin levels increased,10036828,
SAPHRIS,AR118,decrease in prolactin,AR118.N1,Blood prolactin decreased,10005779,Prolactin levels decreased,10036827,
SAPHRIS,AR119,increases in prolactin levels,AR119.N1,Blood prolactin increased,10005780,Increased prolactin level,10021675,
SAPHRIS,AR120,galactorrhea,AR120.N1,Galactorrhoea,10017600,Galactorrhea,10017592,
SAPHRIS,AR121,ck elevations,AR121.N1,Blood creatine phosphokinase increased,10005470,Creatine kinase increased,10011336,
SAPHRIS,AR122,anemia,AR122.N1,Anaemia,10002034,Anemia,10002272,
SAPHRIS,AR123,thrombocytopenia,AR123.N1,Thrombocytopenia,10043554,,,
SAPHRIS,AR124,temporary bundle branch block,AR124.N1,Bundle branch block,10006578,,,
SAPHRIS,AR125,accommodation disorder,AR125.N1,Accommodation disorder,10000389,,,
SAPHRIS,AR126,swollen tongue,AR126.N1,Swollen tongue,10042727,,,
SAPHRIS,AR127,idiosyncratic drug reaction,AR127.N1,Idiosyncratic drug reaction,10049998,,,
SAPHRIS,AR128,hyponatremia,AR128.N1,Hyponatraemia,10021036,Hyponatremia,10021038,
SAPHRIS,AR129,dysarthria,AR129.N1,Dysarthria,10013887,,,
SAPHRIS,AR130,diplopia,AR130.N1,Diplopia,10013036,,,
SAPHRIS,AR131,vision blurred,AR131.N1,Vision blurred,10047513,,,
SAPHRIS,AR132,gastroesophageal reflux disease,AR132.N1,Gastrooesophageal reflux disease,10017885,Gastroesophageal reflux disease,10066874,
SAPHRIS,AR133,fall,AR133.N1,Fall,10016173,,,
SAPHRIS,AR134,photosensitivity reaction,AR134.N1,Photosensitivity reaction,10034972,,,
SAPHRIS,AR135,enuresis,AR135.N1,Enuresis,10014928,,,
SAPHRIS,AR136,application site reactions sublingual area,AR136.N1,Application site reaction,10003055,,,underspecified
SAPHRIS,AR137,choking,AR137.N1,Choking,10008589,,,
SAPHRIS,AR138,oropharyngeal muscular dysfunction,AR138.N1,Pharyngeal dyskinesia,10070912,,,
SAPHRIS,AR139,hypoesthesia,AR139.N1,Hypoaesthesia,10020937,Hypoesthesia,10020976,
SAPHRIS,AR140,increased mortality,AR140.N1,Death,10011906,,,
SAPHRIS,AR141,cerebrovascular adverse events,AR141.N1,Cerebrovascular disorder,10008196,,,
SAPHRIS,AR142,anaphylaxis,AR142.N1,Anaphylactic reaction,10002198,Anaphylaxis,10002218,
SAPHRIS,AR143,angioedema,AR143.N1,Angioedema,10002424,,,
SAPHRIS,AR144,bradycardia,AR144.N1,Bradycardia,10006093,,,
SAPHRIS,AR145,qt prolongation,AR145.N1,Electrocardiogram QT prolonged,10014387,QT prolonged,10037705,
SAPHRIS,AR146,increases in qt interval,AR146.N1,Electrocardiogram QT prolonged,10014387,QT interval prolonged,10037703,
SAPHRIS,AR147,death,AR147.N1,Death,10011906,,,
SAPHRIS,AR148,deaths,AR148.N1,Death,10011906,,,
SAPHRIS,AR149,heart failure,AR149.N1,Cardiac failure,10007554,Heart failure,10019279,
SAPHRIS,AR150,sudden death,AR150.N1,Sudden death,10042434,,,
SAPHRIS,AR151,pneumonia,AR151.N1,Pneumonia,10035664,,,
SAPHRIS,AR152,fatal,AR152.N1,Death,10011906,,,
SAPHRIS,AR153,nms,AR153.N1,Neuroleptic malignant syndrome,10029282,NMS,10029435,
SAPHRIS,AR154,hyperpyrexia,AR154.N1,Hyperpyrexia,10020741,,,
SAPHRIS,AR155,altered mental status,AR155.N1,Mental status changes,10048294,,,
SAPHRIS,AR156,autonomic instability,AR156.N1,Autonomic nervous system imbalance,10003840,Autonomic instability,10049218,
SAPHRIS,AR157,irregular pulse,AR157.N1,Heart rate irregular,10019304,Irregular pulse,10022994,
SAPHRIS,AR158,irregular blood pressure,AR158.N1,Blood pressure fluctuation,10005746,,,
SAPHRIS,AR159,diaphoresis,AR159.N1,Hyperhidrosis,10020642,Diaphoresis,10012703,
SAPHRIS,AR160,cardiac dysrhythmia,AR160.N1,Arrhythmia,10003119,Cardiac dysrhythmias,10007545,
SAPHRIS,AR161,elevated creatine phosphokinase,AR161.N1,Blood creatine phosphokinase increased,10005470,Creatine phosphokinase increased,10011349,
SAPHRIS,AR162,myoglobinuria,AR162.N1,Myoglobinuria,10028629,,,
SAPHRIS,AR163,rhabdomyolysis,AR163.N1,Rhabdomyolysis,10039020,,,
SAPHRIS,AR164,acute renal failure,AR164.N1,Acute kidney injury,10069339,Acute renal failure,10001041,
SAPHRIS,AR165,increase of fasting glucose,AR165.N1,Blood glucose increased,10005557,Fasting blood glucose increased,10050786,
SAPHRIS,AR166,total cholesterol elevations,AR166.N1,Blood cholesterol increased,10005425,Cholesterol total increased,10008671,
SAPHRIS,AR167,elevations in triglycerides,AR167.N1,Blood triglycerides increased,10005839,Triglycerides high,10052373,
SAPHRIS,AR168,increases in weight,AR168.N1,Weight increased,10047899,,,
SAPHRIS,AR169,weight gain,AR169.N1,Weight increased,10047899,Weight gain,10047896,
SAPHRIS,AR170,increase in body weight,AR170.N1,Weight increased,10047899,,,
SAPHRIS,AR171,weight change,AR171.N1,Weight fluctuation,10049040,,,
SAPHRIS,AR172,changes in body weight,AR172.N1,Weight fluctuation,10049040,,,
SAPHRIS,AR173,hypotension,AR173.N1,Hypotension,10021097,,,
SAPHRIS,AR174,wheezing,AR174.N1,Wheezing,10047924,,,
SAPHRIS,AR175,increases in qtc interval,AR175.N1,Electrocardiogram QT prolonged,10014387,Electrocardiogram QTc interval prolonged,10053698,
SAPHRIS,AR176,qt prolongations,AR176.N1,Electrocardiogram QT prolonged,10014387,QT prolonged,10037705,
SAPHRIS,AR177,elevate prolactin levels,AR177.N1,Blood prolactin increased,10005780,Prolactin levels increased,10036828,
SAPHRIS,AR178,suppress hypothalamic gnrh,AR178.N1,Blood gonadotrophin decreased,10005562,Gonadotropins decreased,10018546,
SAPHRIS,AR179,reduced pituitary gonadotropin secretion,AR179.N1,Blood gonadotrophin decreased,10005562,Pituitary gonadotrophin decreased,10054718,
SAPHRIS,AR180,inhibit reproductive function,AR180.N1,Reproductive toxicity,10074268,,,
SAPHRIS,AR181,impairing gonadal steroidogenesis,AR181.N1,Hypogonadism,10058359,Gonadal insufficiency,10068037,underspecified
SAPHRIS,AR182,hypogonadism,AR182.N1,Hypogonadism,10058359,,,
SAPHRIS,AR183,decreased bone density,AR183.N1,Bone density decreased,10049470,,,
SAPHRIS,AR184,abnormal prolactin levels,AR184.N1,Blood prolactin abnormal,10005778,Prolactin abnormal NOS,10036823,
SAPHRIS,AR185,body temperature increases,AR185.N1,Body temperature increased,10005911,,,
SAPHRIS,AR186,pyrexia,AR186.N1,Pyrexia,10037660,,,
SAPHRIS,AR187,feeling hot,AR187.N1,Feeling hot,10016334,,,
CARBAGLU,AR1,infections,AR1.N1,Infection,10021789,,,
CARBAGLU,AR2,vomiting,AR2.N1,Vomiting,10047700,,,
CARBAGLU,AR3,abdominal pain,AR3.N1,Abdominal pain,10000081,,,
CARBAGLU,AR4,pyrexia,AR4.N1,Pyrexia,10037660,,,
CARBAGLU,AR5,tonsilitis,AR5.N1,Tonsillitis,10044008,,,
CARBAGLU,AR6,anemia,AR6.N1,Anaemia,10002034,Anemia,10002272,
CARBAGLU,AR7,ear infection,AR7.N1,Ear infection,10014011,,,
CARBAGLU,AR8,diarrhea,AR8.N1,Diarrhoea,10012735,Diarrhea,10012727,
CARBAGLU,AR9,nasopharyngitis,AR9.N1,Nasopharyngitis,10028810,,,
CARBAGLU,AR10,headache,AR10.N1,Headache,10019211,,,
CARBAGLU,AR11,dysgeusia,AR11.N1,Dysgeusia,10013911,,,
CARBAGLU,AR12,asthenia,AR12.N1,Asthenia,10003549,,,
CARBAGLU,AR13,hyperhidrosis,AR13.N1,Hyperhidrosis,10020642,,,
CARBAGLU,AR14,infection,AR14.N1,Infection,10021789,,,
CARBAGLU,AR15,influenza,AR15.N1,Influenza,10022000,,,
CARBAGLU,AR16,pneumonia,AR16.N1,Pneumonia,10035664,,,
CARBAGLU,AR17,tonsillitis,AR17.N1,Tonsillitis,10044008,,,
CARBAGLU,AR18,hemoglobin decreased,AR18.N1,Haemoglobin decreased,10018884,Hemoglobin decreased,10019483,
CARBAGLU,AR19,weight decreased,AR19.N1,Weight decreased,10047895,,,
CARBAGLU,AR20,anorexia,AR20.N1,Decreased appetite,10061428,Anorexia,10002646,
CARBAGLU,AR21,somnolence,AR21.N1,Somnolence,10041349,,,
CARBAGLU,AR22,rash,AR22.N1,Rash,10037844,,,
CARBAGLU,AR23,hyperammonemia,AR23.N1,Hyperammonaemia,10020575,Hyperammonemia,10020576,
PROMACTA,AR1,hepatic decompensation,AR1.N1,Hepatic failure,10019663,Hepatic decompensation,10076894,
PROMACTA,AR2,hepatotoxicity,AR2.N1,Hepatotoxicity,10019851,,,
PROMACTA,AR3,thrombotic complications,AR3.N1,Thrombosis,10043607,,,
PROMACTA,AR4,thromboembolic complications,AR4.N1,Embolism,10061169,Thromboembolic event,10043565,
PROMACTA,AR5,cataracts,AR5.N1,Cataract,10007739,Cataracts,10007771,
PROMACTA,AR6,nausea,AR6.N1,Nausea,10028813,,,
PROMACTA,AR7,diarrhea,AR7.N1,Diarrhoea,10012735,Diarrhea,10012727,
PROMACTA,AR8,upper respiratory tract infection,AR8.N1,Upper respiratory tract infection,10046306,,,
PROMACTA,AR9,vomiting,AR9.N1,Vomiting,10047700,,,
PROMACTA,AR10,increased alt,AR10.N1,Alanine aminotransferase increased,10001551,ALT increased,10001845,
PROMACTA,AR11,myalgia,AR11.N1,Myalgia,10028411,,,
PROMACTA,AR12,urinary tract infection,AR12.N1,Urinary tract infection,10046571,,,
PROMACTA,AR13,nasopharyngitis,AR13.N1,Nasopharyngitis,10028810,,,
PROMACTA,AR14,rhinitis,AR14.N1,Rhinitis,10039083,,,
PROMACTA,AR15,anemia,AR15.N1,Anaemia,10002034,Anemia,10002272,
PROMACTA,AR16,pyrexia,AR16.N1,Pyrexia,10037660,,,
PROMACTA,AR17,fatigue,AR17.N1,Fatigue,10016256,,,
PROMACTA,AR18,headache,AR18.N1,Headache,10019211,,,
PROMACTA,AR19,decreased appetite,AR19.N1,Decreased appetite,10061428,,,
PROMACTA,AR20,influenza-like illness,AR20.N1,Influenza like illness,10022004,,,
PROMACTA,AR21,asthenia,AR21.N1,Asthenia,10003549,,,
PROMACTA,AR22,insomnia,AR22.N1,Insomnia,10022437,,,
PROMACTA,AR23,cough,AR23.N1,Cough,10011224,,,
PROMACTA,AR24,pruritus,AR24.N1,Pruritus,10037087,,,
PROMACTA,AR25,chills,AR25.N1,Chills,10008531,,,
PROMACTA,AR26,alopecia,AR26.N1,Alopecia,10001760,,,
PROMACTA,AR27,peripheral edema,AR27.N1,Oedema peripheral,10030124,Peripheral edema,10034570,
PROMACTA,AR28,hemorrhage,AR28.N1,Haemorrhage,10055798,Hemorrhage,10019524,
PROMACTA,AR29,hemorrhagic reactions,AR29.N1,Haemorrhage,10055798,Hemorrhage,10019524,
PROMACTA,AR30,oropharyngeal pain,AR30.N1,Oropharyngeal pain,10068319,,,
PROMACTA,AR31,increased ast,AR31.N1,Aspartate aminotransferase increased,10003481,AST increased,10003544,
PROMACTA,AR32,pharyngitis,AR32.N1,Pharyngitis,10034835,,,
PROMACTA,AR33,back pain,AR33.N1,Back pain,10003988,,,
PROMACTA,AR34,influenza,AR34.N1,Influenza,10022000,,,
PROMACTA,AR35,paresthesia,AR35.N1,Paraesthesia,10033775,Paresthesia,10033987,
PROMACTA,AR36,rash,AR36.N1,Rash,10037844,,,
PROMACTA,AR37,musculoskeletal pain,AR37.N1,Musculoskeletal pain,10028391,,,
PROMACTA,AR38,blood alkaline phosphatase increased,AR38.N1,Blood alkaline phosphatase increased,10059570,,,
PROMACTA,AR39,dry mouth,AR39.N1,Dry mouth,10013781,,,
PROMACTA,AR40,hyperbilirubinemia,AR40.N1,Hyperbilirubinaemia,10020578,Hyperbilirubinemia,10020582,
PROMACTA,AR41,alt increased,AR41.N1,Alanine aminotransferase increased,10001551,ALT increased,10001845,
PROMACTA,AR42,cataract,AR42.N1,Cataract,10007739,,,
PROMACTA,AR43,ast increased,AR43.N1,Aspartate aminotransferase increased,10003481,AST increased,10003544,
PROMACTA,AR44,serum liver test abnormalities,AR44.N1,Liver function test abnormal,10024690,,,
PROMACTA,AR45,hepatobiliary laboratory abnormalities,AR45.N1,Liver function test abnormal,10024690,,,underspecified
PROMACTA,AR46,liver test abnormalities,AR46.N1,Liver function test abnormal,10024690,Liver function tests multiple abnorm,10024694,
PROMACTA,AR47,portal vein thromboses,AR47.N1,Portal vein thrombosis,10036206,,,
PROMACTA,AR48,abdominal pain,AR48.N1,Abdominal pain,10000081,,,
PROMACTA,AR49,toothache,AR49.N1,Toothache,10044055,,,
PROMACTA,AR50,vitamin d deficiency,AR50.N1,Vitamin D deficiency,10047626,,,
PROMACTA,AR51,total bilirubin greater than or equal to 1.5 x uln,AR51.N1,Blood bilirubin increased,10005364,Bilirubin total increased,10056806,
PROMACTA,AR52,alt greater than or equal to 3 x uln,AR52.N1,Alanine aminotransferase increased,10001551,ALT increased,10001845,
PROMACTA,AR53,ast greater than or equal to 3 x uln,AR53.N1,Aspartate aminotransferase increased,10003481,AST increased,10003544,
PROMACTA,AR54,pain in extremity,AR54.N1,Pain in extremity,10033425,,,
PROMACTA,AR55,dyspnea,AR55.N1,Dyspnoea,10013968,Dyspnea,10013963,
PROMACTA,AR56,dizziness,AR56.N1,Dizziness,10013573,,,
PROMACTA,AR57,febrile neutropenia,AR57.N1,Febrile neutropenia,10016288,,,
PROMACTA,AR58,ecchymosis,AR58.N1,Ecchymosis,10014080,,,
PROMACTA,AR59,muscle spasms,AR59.N1,Muscle spasms,10028334,,,
PROMACTA,AR60,transaminases increased,AR60.N1,Transaminases increased,10054889,,,
PROMACTA,AR61,arthralgia,AR61.N1,Arthralgia,10003239,,,
PROMACTA,AR62,rhinorrhea,AR62.N1,Rhinorrhoea,10039101,Rhinorrhea,10039100,
PROMACTA,AR63,cytogenetic abnormality,AR63.N1,Cytogenetic abnormality,10067477,,,
PROMACTA,AR64,changes in chromosome 7,AR64.N1,Chromosome analysis abnormal,10008817,,,underspecified
PROMACTA,AR65,thrombotic microangiopathy,AR65.N1,Thrombotic microangiopathy,10043645,,,
PROMACTA,AR66,acute renal failure,AR66.N1,Acute kidney injury,10069339,Acute renal failure,10001041,
PROMACTA,AR67,portal vein thrombosis,AR67.N1,Portal vein thrombosis,10036206,,,
PROMACTA,AR68,ascites,AR68.N1,Ascites,10003445,,,
PROMACTA,AR69,encephalopathy,AR69.N1,Encephalopathy,10014625,,,
PROMACTA,AR70,liver enzyme elevations,AR70.N1,Hepatic enzyme increased,10060795,Elevated liver enzymes,10014481,
PROMACTA,AR71,indirect hyperbilirubinemia,AR71.N1,Hyperbilirubinaemia,10020578,Indirect hyperbilirubinemia,10075817,
PROMACTA,AR72,thrombotic event,AR72.N1,Thrombosis,10043607,,,
PROMACTA,AR73,thrombotic events of the portal venous system,AR73.N1,Hepatic vein thrombosis,10019713,,,
PROMACTA,AR74,increases in platelet counts,AR74.N1,Platelet count increased,10051608,,,
PROMACTA,AR75,thrombotic venous events,AR75.N1,Venous thrombosis,10047249,,,
PROMACTA,AR76,thrombotic arterial events,AR76.N1,Arterial thrombosis,10003178,,,
PROMACTA,AR77,thromboembolic venous events,AR77.N1,Embolism venous,10014522,Venous thromboembolism,10066899,
PROMACTA,AR78,thromboembolic arterial events,AR78.N1,Embolism,10061169,Thromboembolic event,10043565,
PROMACTA,AR78,thromboembolic arterial events,AR78.N2,Arterial thrombosis,10003178,,,
PROMACTA,AR79,thrombotic events,AR79.N1,Thrombosis,10043607,,,
PROMACTA,AR80,pvt,AR80.N1,Portal vein thrombosis,10036206,,,
PROMACTA,AR81,thrombotic complication,AR81.N1,Thrombosis,10043607,,,
PROMACTA,AR82,portal venous thrombosis,AR82.N1,Portal vein thrombosis,10036206,,,
BESIVANCE,AR1,ocular adverse reaction,AR1.N1,Eye symptom,10075536,,,
BESIVANCE,AR2,conjunctival redness,AR2.N1,Conjunctival hyperaemia,10051625,Conjunctival redness,10010731,
BESIVANCE,AR3,blurred vision,AR3.N1,Vision blurred,10047513,Blurred vision,10005886,
BESIVANCE,AR4,eye pain,AR4.N1,Eye pain,10015958,,,
BESIVANCE,AR5,eye irritation,AR5.N1,Eye irritation,10015946,,,
BESIVANCE,AR6,eye pruritus,AR6.N1,Eye pruritus,10052140,,,
BESIVANCE,AR7,headache,AR7.N1,Headache,10019211,,,
BESIVANCE,AR8,overgrowth of non-susceptible organisms,AR8.N1,,,,,unmapped
BESIVANCE,AR9,overgrowth of fungi,AR9.N1,Overgrowth fungal,10076272,,,
INLYTA,AR1,hypertension,AR1.N1,Hypertension,10020772,,,
INLYTA,AR2,arterial thromboembolic events,AR2.N1,Embolism arterial,10014513,Arterial thromboembolism,10073529,
INLYTA,AR3,venous thromboembolic events,AR3.N1,Embolism venous,10014522,Venous thromboembolism,10066899,
INLYTA,AR4,hemorrhage,AR4.N1,Haemorrhage,10055798,Hemorrhage,10019524,
INLYTA,AR5,cardiac failure,AR5.N1,Cardiac failure,10007554,,,
INLYTA,AR6,gastrointestinal perforation,AR6.N1,Gastrointestinal perforation,10018001,,,
INLYTA,AR7,fistula formation,AR7.N1,Fistula,10016717,,,
INLYTA,AR8,thyroid dysfunction,AR8.N1,Thyroid disorder,10043709,Dysfunction thyroid,10013907,
INLYTA,AR9,wound healing complications,AR9.N1,Impaired healing,10021519,,,
INLYTA,AR9,wound healing complications,AR9.N2,Wound complication,10053692,,,
INLYTA,AR10,rpls,AR10.N1,Posterior reversible encephalopathy syndrome,10071066,Reversible posterior leukoencephalopathy syndrome,10063761,
INLYTA,AR11,proteinuria,AR11.N1,Proteinuria,10037032,,,
INLYTA,AR12,elevation of liver enzymes,AR12.N1,Hepatic enzyme increased,10060795,Elevated liver enzymes,10014481,
INLYTA,AR13,hepatic impairment,AR13.N1,Liver disorder,10024670,Hepatic impairment,10052254,
INLYTA,AR14,diarrhea,AR14.N1,Diarrhoea,10012735,Diarrhea,10012727,
INLYTA,AR15,fatigue,AR15.N1,Fatigue,10016256,,,
INLYTA,AR16,decreased appetite,AR16.N1,Decreased appetite,10061428,,,
INLYTA,AR17,nausea,AR17.N1,Nausea,10028813,,,
INLYTA,AR18,dysphonia,AR18.N1,Dysphonia,10013952,,,
INLYTA,AR19,palmar-plantar erythrodysesthesia syndrome,AR19.N1,Palmar-plantar erythrodysaesthesia syndrome,10033553,Palmar-plantar erythrodysesthesia syndrome,10054524,
INLYTA,AR20,hand-foot syndrome,AR20.N1,Palmar-plantar erythrodysaesthesia syndrome,10033553,Hand and foot syndrome,10019111,
INLYTA,AR21,weight decreased,AR21.N1,Weight decreased,10047895,,,
INLYTA,AR22,vomiting,AR22.N1,Vomiting,10047700,,,
INLYTA,AR23,asthenia,AR23.N1,Asthenia,10003549,,,
INLYTA,AR24,constipation,AR24.N1,Constipation,10010774,,,
INLYTA,AR25,hypothyroidism,AR25.N1,Hypothyroidism,10021114,,,
INLYTA,AR26,cough,AR26.N1,Cough,10011224,,,
INLYTA,AR27,mucosal inflammation,AR27.N1,Mucosal inflammation,10028116,,,
INLYTA,AR28,arthralgia,AR28.N1,Arthralgia,10003239,,,
INLYTA,AR29,stomatitis,AR29.N1,Stomatitis,10042128,,,
INLYTA,AR30,dyspnea,AR30.N1,Dyspnoea,10013968,Dyspnea,10013963,
INLYTA,AR31,abdominal pain,AR31.N1,Abdominal pain,10000081,,,
INLYTA,AR32,headache,AR32.N1,Headache,10019211,,,
INLYTA,AR33,pain in extremity,AR33.N1,Pain in extremity,10033425,,,
INLYTA,AR34,rash,AR34.N1,Rash,10037844,,,
INLYTA,AR35,dysgeusia,AR35.N1,Dysgeusia,10013911,,,
INLYTA,AR36,dry skin,AR36.N1,Dry skin,10013786,,,
INLYTA,AR37,dyspepsia,AR37.N1,Dyspepsia,10013946,,,
INLYTA,AR38,pruritus,AR38.N1,Pruritus,10037087,,,
INLYTA,AR39,alopecia,AR39.N1,Alopecia,10001760,,,
INLYTA,AR40,erythema,AR40.N1,Erythema,10015150,,,
INLYTA,AR41,dizziness,AR41.N1,Dizziness,10013573,,,
INLYTA,AR42,upper abdominal pain,AR42.N1,Abdominal pain upper,10000087,Upper abdominal pain,10046272,
INLYTA,AR43,myalgia,AR43.N1,Myalgia,10028411,,,
INLYTA,AR44,dehydration,AR44.N1,Dehydration,10012174,,,
INLYTA,AR45,epistaxis,AR45.N1,Epistaxis,10015090,,,
INLYTA,AR46,anemia,AR46.N1,Anaemia,10002034,Anemia,10002272,
INLYTA,AR47,hemorrhoids,AR47.N1,Haemorrhoids,10019022,Hemorrhoids,10019611,
INLYTA,AR48,hematuria,AR48.N1,Haematuria,10018867,Hematuria,10019450,
INLYTA,AR49,tinnitus,AR49.N1,Tinnitus,10043882,,,
INLYTA,AR50,lipase increased,AR50.N1,Lipase increased,10024574,,,
INLYTA,AR51,glossodynia,AR51.N1,Glossodynia,10018388,,,
INLYTA,AR52,pulmonary embolism,AR52.N1,Pulmonary embolism,10037377,,,
INLYTA,AR53,rectal hemorrhage,AR53.N1,Rectal haemorrhage,10038063,Rectal hemorrhage,10038064,
INLYTA,AR54,hemoptysis,AR54.N1,Haemoptysis,10018964,Hemoptysis,10019523,
INLYTA,AR55,deep vein thrombosis,AR55.N1,Deep vein thrombosis,10051055,,,
INLYTA,AR56,retinal-vein occlusion,AR56.N1,Retinal vein occlusion,10038907,,,
INLYTA,AR57,retinal-vein thrombosis,AR57.N1,Retinal vein thrombosis,10038908,,,
INLYTA,AR58,polycythemia,AR58.N1,Polycythaemia,10036051,Polycythemia,10036058,
INLYTA,AR59,transient ischemic attack,AR59.N1,Transient ischaemic attack,10044390,Transient ischemic attack,10072760,
INLYTA,AR60,hemoglobin decreased,AR60.N1,Haemoglobin decreased,10018884,Hemoglobin decreased,10019483,
INLYTA,AR61,lymphocytes (absolute) decreased,AR61.N1,Lymphocyte count decreased,10025256,Absolute lymphocyte count decreased,10065395,
INLYTA,AR62,platelets decreased,AR62.N1,Platelet count decreased,10035528,Platelets decreased,10035545,
INLYTA,AR63,white blood cells decreased,AR63.N1,White blood cell count decreased,10047942,White blood cell decreased,10049182,
INLYTA,AR64,creatinine increased,AR64.N1,Blood creatinine increased,10005483,Creatinine increased,10011368,
INLYTA,AR65,bicarbonate decreased,AR65.N1,Blood bicarbonate decreased,10005359,,,
INLYTA,AR66,hypocalcemia,AR66.N1,Hypocalcaemia,10020947,Hypocalcemia,10020949,
INLYTA,AR67,alp increased,AR67.N1,Blood alkaline phosphatase increased,10059570,ALP increased,10001771,
INLYTA,AR68,hyperglycemia,AR68.N1,Hyperglycaemia,10020635,Hyperglycemia,10020639,
INLYTA,AR69,amylase increased,AR69.N1,Amylase increased,10002016,,,
INLYTA,AR70,alt increased,AR70.N1,Alanine aminotransferase increased,10001551,ALT increased,10001845,
INLYTA,AR71,ast increased,AR71.N1,Aspartate aminotransferase increased,10003481,AST increased,10003544,
INLYTA,AR72,hypernatremia,AR72.N1,Hypernatraemia,10020679,Hypernatremia,10020680,
INLYTA,AR73,hypoalbuminemia,AR73.N1,Hypoalbuminaemia,10020942,Hypoalbuminemia,10020943,
INLYTA,AR74,hyperkalemia,AR74.N1,Hyperkalaemia,10020646,Hyperkalemia,10020647,
INLYTA,AR75,hypoglycemia,AR75.N1,Hypoglycaemia,10020993,Hypoglycemia,10021005,
INLYTA,AR76,hyponatremia,AR76.N1,Hyponatraemia,10021036,Hyponatremia,10021038,
INLYTA,AR77,hypophosphatemia,AR77.N1,Hypophosphataemia,10021058,Hypophosphatemia,10021059,
INLYTA,AR78,hemoglobin increased,AR78.N1,Haemoglobin increased,10018888,Hemoglobin increased,10055599,
INLYTA,AR79,hypercalcemia,AR79.N1,Hypercalcaemia,10020583,Hypercalcemia,10020587,
INLYTA,AR80,hypertensive crisis,AR80.N1,Hypertensive crisis,10020802,,,
INLYTA,AR81,arterial thrombotic events,AR81.N1,Arterial thrombosis,10003178,,,
INLYTA,AR82,venous thrombotic events,AR82.N1,Venous thrombosis,10047249,,,
INLYTA,AR83,fatal,AR83.N1,Death,10011906,,,
INLYTA,AR84,hemorrhagic events,AR84.N1,Haemorrhage,10055798,Hemorrhage,10019524,
INLYTA,AR85,gastrointestinal fistula,AR85.N1,Gastrointestinal fistula,10017877,,,
INLYTA,AR86,death,AR86.N1,Death,10011906,,,
INLYTA,AR87,reversible posterior leukoencephalopathy syndrome,AR87.N1,Posterior reversible encephalopathy syndrome,10071066,Reversible posterior leukoencephalopathy syndrome,10063761,
INLYTA,AR88,liver enzyme elevation,AR88.N1,Hepatic enzyme increased,10060795,Elevated liver enzymes,10014481,
INLYTA,AR89,fetal harm,AR89.N1,Foetal damage,10016852,Fetal damage,10054743,
INLYTA,AR90,systolic blood pressure >150 mmhg,AR90.N1,Blood pressure systolic increased,10005760,Blood pressure systolic high,10005759,
INLYTA,AR91,diastolic blood pressure >100 mmhg,AR91.N1,Blood pressure diastolic increased,10005739,Blood pressure diastolic high,10005738,
INLYTA,AR92,blood pressure increases,AR92.N1,Blood pressure increased,10005750,,,
INLYTA,AR93,deaths,AR93.N1,Death,10011906,,,
INLYTA,AR94,cerebrovascular accident,AR94.N1,Cerebrovascular accident,10008190,,,
INLYTA,AR95,myocardial infarction,AR95.N1,Myocardial infarction,10028596,,,
INLYTA,AR96,retinal artery occlusion,AR96.N1,Retinal artery occlusion,10038827,,,
INLYTA,AR97,retinal vein occlusion,AR97.N1,Retinal vein occlusion,10038907,,,
INLYTA,AR98,retinal vein thrombosis,AR98.N1,Retinal vein thrombosis,10038908,,,
INLYTA,AR99,cerebral hemorrhage,AR99.N1,Cerebral haemorrhage,10008111,Cerebral hemorrhage,10008114,
INLYTA,AR100,lower gastrointestinal hemorrhage,AR100.N1,Lower gastrointestinal haemorrhage,10050953,Lower gastrointestinal hemorrhage,10051746,
INLYTA,AR101,melena,AR101.N1,Melaena,10027141,Melena,10027162,
INLYTA,AR102,gastric hemorrhage,AR102.N1,Gastric haemorrhage,10017788,Gastric hemorrhage,10017789,
INLYTA,AR103,gastrointestinal fistulas,AR103.N1,Gastrointestinal fistula,10017877,,,
INLYTA,AR104,hyperthyroidism,AR104.N1,Hyperthyroidism,10020850,,,
INLYTA,AR105,elevations of tsh,AR105.N1,Blood thyroid stimulating hormone increased,10005833,Increased TSH,10021690,
INLYTA,AR106,seizure,AR106.N1,Seizure,10039906,,,
INLYTA,AR107,lethargy,AR107.N1,Lethargy,10024264,,,
INLYTA,AR108,confusion,AR108.N1,Confusional state,10010305,Confusion,10010300,
INLYTA,AR109,blindness,AR109.N1,Blindness,10005169,,,
INLYTA,AR110,visual disturbances,AR110.N1,Visual impairment,10047571,Visual disturbances,10047545,
INLYTA,AR111,neurologic disturbances,AR111.N1,Neurological symptom,10060860,Neurologic reaction,10029290,
INLYTA,AR112,alanine aminotransferase elevations,AR112.N1,Alanine aminotransferase increased,10001551,,,
INLYTA,AR113,alt elevations,AR113.N1,Alanine aminotransferase increased,10001551,ALT increased,10001845,
NORTHERA,AR1,supine hypertension,AR1.N1,Hypertension,10020772,,,underspecified
NORTHERA,AR2,hyperpyrexia,AR2.N1,Hyperpyrexia,10020741,,,
NORTHERA,AR3,confusion,AR3.N1,Confusional state,10010305,Confusion,10010300,
NORTHERA,AR4,exacerbate ischemic heart disease,AR4.N1,Myocardial ischaemia,10028600,Ischaemic heart disease,10023024,
NORTHERA,AR5,exacerbate arrhythmias,AR5.N1,Arrhythmia,10003119,,,
NORTHERA,AR6,exacerbate congestive heart failure,AR6.N1,Cardiac failure congestive,10007559,Congestive cardiac failure aggravated,10048565,
NORTHERA,AR7,headache,AR7.N1,Headache,10019211,,,
NORTHERA,AR8,dizziness,AR8.N1,Dizziness,10013573,,,
NORTHERA,AR9,nausea,AR9.N1,Nausea,10028813,,,
NORTHERA,AR10,hypertension,AR10.N1,Hypertension,10020772,,,
NORTHERA,AR11,fatigue,AR11.N1,Fatigue,10016256,,,
NORTHERA,AR12,increased blood pressure,AR12.N1,Blood pressure increased,10005750,Increased blood pressure,10021655,
NORTHERA,AR13,falls,AR13.N1,Fall,10016173,,,
NORTHERA,AR14,urinary tract infections,AR14.N1,Urinary tract infection,10046571,,,
NORTHERA,AR15,syncope,AR15.N1,Syncope,10042772,,,
NORTHERA,AR16,cardiovascular risk,AR16.N1,Cardiovascular symptom,10075534,,,
NORTHERA,AR17,allergic reactions,AR17.N1,Hypersensitivity,10020751,Allergic reaction,10001718,
NORTHERA,AR18,neuroleptic malignant syndrome,AR18.N1,Neuroleptic malignant syndrome,10029282,,,
NORTHERA,AR19,nms,AR19.N1,Neuroleptic malignant syndrome,10029282,NMS,10029435,
NORTHERA,AR20,fever,AR20.N1,Pyrexia,10037660,Fever,10016558,
NORTHERA,AR21,hyperthermia,AR21.N1,Hyperthermia,10020843,,,
NORTHERA,AR22,muscle rigidity,AR22.N1,Muscle rigidity,10028330,,,
NORTHERA,AR23,involuntary movements,AR23.N1,Dyskinesia,10013916,Movements involuntary,10028041,
NORTHERA,AR24,altered consciousness,AR24.N1,Altered state of consciousness,10001854,Consciousness abnormal,10010765,
NORTHERA,AR25,mental status changes,AR25.N1,Mental status changes,10048294,,,
NORTHERA,AR26,allergic-type reactions,AR26.N1,Hypersensitivity,10020751,Allergic reaction,10001718,
NORTHERA,AR27,bronchial asthma,AR27.N1,Asthma,10003553,Asthma bronchial,10003555,
